"PointID","x","y","Density_0","Density_1","Density_2","Density_3","Density_4","Momentum_x","Momentum_y","Energy","Energy_ve","MassFrac_0","MassFrac_1","MassFrac_2","MassFrac_3","MassFrac_4","Pressure","Temperature_tr","Temperature_ve","Velocity_x","Velocity_y","Mach","Pressure_Coefficient"
0, -5.000000000000000e-02, 0.000000000000000e+00, 3.805831623445199e-48, 1.499800429796550e-28, 8.273167698494767e-48, 8.685240231142844e-04, 2.550516859598223e-04, 6.027842539541470e+00, 5.001931698992827e-17, 1.662545054832805e+04, 3.787991608561127e+01, 3.387249824563608e-45, 1.334845901067472e-25, 7.363248984184920e-45, 7.730000000000000e-01, 2.270000000000001e-01, 3.025999999998874e+02, 9.337999999996528e+02, 9.338000000020086e+02, 5.364874383506182e+03, 4.451797647988240e-14, 8.737000000001622e+00, -6.967747111759315e-15
1, 0.000000000000000e+00, 0.000000000000000e+00, 8.840777663754215e-45, 4.521609569359080e-27, 1.908181168258211e-44, 1.141201911700890e-03, 3.351265639794337e-04, 7.883150078032242e+00, 3.007451480175392e-02, 2.178835337396741e+04, 4.977257582422992e+01, 5.988354088801405e-42, 3.062739521619960e-24, 1.292518026775091e-41, 7.729999999999999e-01, 2.270000000000001e-01, 4.543516439676777e+02, 1.067078561363790e+03, 9.338002921308740e+02, 5.339699266045462e+03, 2.037115404679499e+01, 8.134886054792767e+00, 9.385165676243219e-03
2, 1.931920337076797e-01, 5.173816881076040e-02, 1.321801436437021e-17, 3.039553382179655e-13, 3.918909035851667e-17, 5.799747268272156e-03, 1.703159934880741e-03, 3.464590062839861e+01, 1.040799112462168e+01, 1.051354211983015e+05, 4.207786652158989e+02, 1.761719025164022e-15, 4.051167500484619e-11, 5.223187398674025e-15, 7.729999999999959e-01, 2.269999999594855e-01, 7.905107689775346e+03, 3.653133159798027e+03, 1.098199458485434e+03, 4.617663485486772e+03, 1.387194435755021e+03, 3.969918416394809e+00, 4.701813592125043e-01
3, 3.346696875411197e-01, 1.931032050318336e-01, 1.357470526567639e-05, 1.146189500863703e-03, 5.181378248743165e-04, 5.479754488475422e-03, 2.617398372410636e-04, 2.134228461341455e+01, 1.962450252789942e+01, 1.019680529389033e+05, 5.691830192184003e+03, 1.829623949579266e-03, 1.544855464994173e-01, 6.983557690714404e-02, 7.385714719920696e-01, 3.527778065178989e-02, 9.814282288100518e+03, 4.019461338206171e+03, 4.500875761416476e+03, 2.876552698803265e+03, 2.645026843743745e+03, 2.827587993147942e+00, 5.882553348326516e-01
4, 4.846696875411197e-01, 1.931032050318336e-01, 3.991706451731435e-07, 7.371006396732660e-05, 3.076245187728083e-05, 3.411887816864603e-04, 1.441522868078138e-05, 1.971441988052567e+00, 2.768122893396360e-03, 6.523574632814431e+03, 2.653297546277030e+02, 8.668658257052077e-04, 1.600737334683128e-01, 6.680580992058865e-02, 7.409485104539609e-01, 3.130508033143237e-02, 4.140583274920592e+02, 2.722678349612629e+03, 3.731307113948081e+03, 4.281316042320253e+03, 6.011441889963330e+00, 3.755759604692550e+00, 6.893202881760901e-03
6, -3.640905996670419e-02, 0.000000000000000e+00, 3.922522172903126e-47, 5.630262298599123e-28, 8.705651215685018e-47, 8.685240231142837e-04, 2.550516859598221e-04, 6.027842539541471e+00, -2.458557426087192e-28, 1.662545054832807e+04, 3.787991608560845e+01, 3.491106243419520e-44, 5.011021734564553e-25, 7.748166096309612e-44, 7.729999999999999e-01, 2.270000000000001e-01, 3.025999999998871e+02, 9.337999999996528e+02, 9.338000000020086e+02, 5.364874383506188e+03, -2.188154662148394e-25, 8.737000000001629e+00, -6.981809164457113e-15
7, -2.648758523368654e-02, 0.000000000000000e+00, 7.595652234702375e-47, 8.356393448303317e-28, 1.698947862309213e-46, 8.685240231142853e-04, 2.550516859598225e-04, 6.027842539541482e+00, 1.736027007597979e-16, 1.662545054832810e+04, 3.787991608567042e+01, 6.760249597209285e-44, 7.437321206587381e-25, 1.512090238858265e-43, 7.729999999999999e-01, 2.270000000000000e-01, 3.025999999998877e+02, 9.337999999996528e+02, 9.338000000020086e+02, 5.364874383506188e+03, 1.545091259607746e-13, 8.737000000001629e+00, -6.946654032712616e-15
8, -1.924472747190228e-02, 0.000000000000000e+00, 1.111969276000866e-46, 1.043381367338755e-27, 2.501248213326376e-46, 8.685240231142839e-04, 2.550516859598221e-04, 6.027842539541474e+00, 1.288270772342364e-15, 1.662545054832808e+04, 3.787991608560641e+01, 9.896700925629615e-44, 9.286257783185466e-25, 2.226150132230568e-43, 7.729999999999999e-01, 2.270000000000000e-01, 3.025999999998872e+02, 9.337999999996528e+02, 9.338000000020086e+02, 5.364874383506190e+03, 1.146581188911584e-12, 8.737000000001633e+00, -6.978293651282664e-15
9, -1.395714581734536e-02, 0.000000000000000e+00, 1.453320615657173e-46, 1.215923114915349e-27, 3.284343801923487e-46, 8.685240231142843e-04, 2.550516859598222e-04, 6.027842539541479e+00, 2.525670701419392e-15, 1.662545054832810e+04, 3.787991608561740e+01, 1.293478137627945e-43, 1.082190639309337e-24, 2.923117485896863e-43, 7.730000000000000e-01, 2.270000000000000e-01, 3.025999999998873e+02, 9.337999999996528e+02, 9.338000000020086e+02, 5.364874383506191e+03, 2.247886529605287e-12, 8.737000000001634e+00, -6.971262624933764e-15
10, -1.009678458521239e-02, 0.000000000000000e+00, 1.678489937628383e-46, 1.319710753483644e-27, 3.803560317222213e-46, 8.685240231142877e-04, 2.550516859598231e-04, 6.027842539541508e+00, -2.375104365595945e-15, 1.662545054832820e+04, 3.787991608547267e+01, 1.493882365089178e-43, 1.174563265141394e-24, 3.385228326408515e-43, 7.730000000000000e-01, 2.270000000000000e-01, 3.025999999998884e+02, 9.337999999996528e+02, 9.338000000020086e+02, 5.364874383506197e+03, -2.113880129673828e-12, 8.737000000001643e+00, -6.900952361444770e-15
11, -7.278131510363134e-03, 0.000000000000000e+00, 1.859947901953909e-46, 1.399113722948911e-27, 4.223236964760163e-46, 8.685240231142890e-04, 2.550516859598236e-04, 6.027842539541488e+00, 5.968551557178158e-15, 1.662545054832807e+04, 3.787991608578387e+01, 1.655382798802768e-43, 1.245233153092867e-24, 3.758747123716603e-43, 7.730000000000000e-01, 2.270000000000000e-01, 3.025999999998890e+02, 9.337999999996528e+02, 9.338000000020086e+02, 5.364874383506170e+03, 5.312104479453876e-12, 8.737000000001601e+00, -6.869312742874723e-15
12, -5.219729353472306e-03, 0.000000000000000e+00, 2.006779524511155e-46, 1.460621458392202e-27, 4.563739752902856e-46, 8.685240231142861e-04, 2.550516859598228e-04, 6.027842539541458e+00, -1.826933180783724e-15, 1.662545054832795e+04, 3.787991608565571e+01, 1.786065245362823e-43, 1.299976002147499e-24, 4.061799944628244e-43, 7.729999999999999e-01, 2.270000000000000e-01, 3.025999999998340e+02, 9.337999999994862e+02, 9.338000000030739e+02, 5.364874383506162e+03, -1.625999179253548e-12, 8.737000000002368e+00, -1.026881398256759e-14
13, -3.716075109627959e-03, 0.000000000000000e+00, 2.110154663620654e-46, 1.502637383402032e-27, 4.803928575601495e-46, 8.685240231142866e-04, 2.550516859598229e-04, 6.027842539541469e+00, -2.508564974087101e-15, 1.662545054832800e+04, 3.787991608583663e+01, 1.878070740208100e-43, 1.337370834262954e-24, 4.275571763259466e-43, 7.730000000000000e-01, 2.270000000000000e-01, 3.026000000000386e+02, 9.338000000001171e+02, 9.337999999993488e+02, 5.364874383506169e+03, -2.232662164042600e-12, 8.736999999999426e+00, 2.387033445451349e-15
14, -2.617116624604489e-03, 0.000000000000000e+00, 2.190256419562159e-46, 1.534583232132361e-27, 4.990267291735232e-46, 8.685240231142899e-04, 2.550516859598238e-04, 6.027842539541506e+00, -1.260971974743890e-15, 1.662545054832815e+04, 3.787991608547703e+01, 1.949362559081174e-43, 1.365803140579588e-24, 4.441416142617998e-43, 7.730000000000000e-01, 2.270000000000000e-01, 3.026000000000368e+02, 9.338000000001081e+02, 9.337999999993585e+02, 5.364874383506182e+03, -1.122284830973249e-12, 8.736999999999489e+00, 2.274537023868959e-15
15, -1.739648995067414e-03, 0.000000000000000e+00, 2.265095851518666e-46, 1.563898436141378e-27, 5.164572896597639e-46, 8.685240231142920e-04, 2.550516859598244e-04, 6.027842539541517e+00, -1.535574383303067e-15, 1.662545054832817e+04, 3.787991608550015e+01, 2.015970827088475e-43, 1.391894131842802e-24, 4.596550864252406e-43, 7.730000000000000e-01, 2.270000000000000e-01, 3.026000000000416e+02, 9.338000000001207e+02, 9.337999999993657e+02, 5.364874383506178e+03, -1.366685280663871e-12, 8.736999999999423e+00, 2.573355643697184e-15
16, -8.698244975333391e-04, 0.000000000000000e+00, 2.340880912774333e-46, 1.593051248394445e-27, 5.341299649709196e-46, 8.685240231142913e-04, 2.550516859598242e-04, 6.027842539541509e+00, -2.419669776259688e-15, 1.662545054832813e+04, 3.787991608538255e+01, 2.083420720000559e-43, 1.417840591896742e-24, 4.753840445794883e-43, 7.729999999999999e-01, 2.270000000000000e-01, 3.026000000000410e+02, 9.338000000001197e+02, 9.337999999993640e+02, 5.364874383506175e+03, -2.153544044000044e-12, 8.736999999999425e+00, 2.534684998778237e-15
17, 8.914882248994977e-04, 2.387467401603415e-04, 5.529155692699960e-37, 1.016808287329993e-23, 1.207777703040208e-36, 1.720482006958545e-03, 5.052385712543207e-04, 1.174226630692339e+01, 1.482501314556268e-01, 3.263354934768365e+04, 7.503957695807358e+01, 2.484209269943298e-34, 4.568445371280324e-21, 5.426457008408433e-34, 7.729999999999999e-01, 2.270000000000001e-01, 8.996697760099327e+02, 1.401521540715020e+03, 9.338084181628859e+02, 5.275714490788325e+03, 6.660770130213903e+01, 7.013676318175853e+00, 3.692611573502417e-02
18, 1.782976449799005e-03, 4.774934803206855e-04, 1.074975814408395e-34, 1.222415698644277e-22, 2.366316180590322e-34, 1.908341433727794e-03, 5.604055698010470e-04, 1.296071995783930e+01, 2.651779174371802e-01, 3.610355262825483e+04, 8.323786345582533e+01, 4.354337697916467e-32, 4.951563270343010e-20, 9.585089833862670e-32, 7.729999999999998e-01, 2.270000000000001e-01, 1.091158621962710e+03, 1.532493320241619e+03, 9.338242657068603e+02, 5.249918253799672e+03, 1.074139703493851e+02, 6.675346924199808e+00, 4.876885099265482e-02
19, 2.674464674698533e-03, 7.162402204810351e-04, 1.671098484077469e-32, 1.369874959549992e-21, 3.708758545135253e-32, 2.139891455922606e-03, 6.284027949475184e-04, 1.444887362807367e+01, 4.320947922796779e-01, 4.036298206869027e+04, 9.334917859999096e+01, 6.036563792133777e-30, 4.948444187677721e-19, 1.339726997579655e-29, 7.729999999999999e-01, 2.270000000000000e-01, 1.344777037273933e+03, 1.684322775755634e+03, 9.338589941736485e+02, 5.219413949052609e+03, 1.560870171745156e+02, 6.331883347238688e+00, 6.445402437205537e-02
20, 3.565952899598004e-03, 9.549869606413694e-04, 5.621200867696144e-30, 2.351215973344908e-20, 1.265232930699156e-29, 2.461383686287572e-03, 7.228125443561176e-04, 1.648258284075048e+01, 7.136427673921610e-01, 4.623525529699690e+04, 1.074098788352029e+02, 1.765343735288516e-27, 7.384017199434996e-18, 3.973476629747117e-27, 7.729999999999999e-01, 2.270000000000000e-01, 1.738578876181474e+03, 1.893136209107403e+03, 9.339531534541304e+02, 5.176371569731588e+03, 2.241202224047283e+02, 5.926126403794691e+00, 8.880892033973087e-02
21, 4.457441124497438e-03, 1.193733700801694e-03, 3.355563399641605e-28, 1.859115298653226e-19, 7.647124282140442e-28, 2.685355750087923e-03, 7.885844182017573e-04, 1.785247454117406e+01, 1.012924534814217e+00, 5.026822028548458e+04, 1.172559831217060e+02, 9.659243501863893e-26, 5.351604255085722e-17, 2.201282668004423e-25, 7.730000000000000e-01, 2.270000000000000e-01, 2.070962820508316e+03, 2.066984668128727e+03, 9.341260345119707e+02, 5.138970067513667e+03, 2.915780024250990e+02, 5.634236932085524e+00, 1.093653921120897e-01
22, 5.348929349396780e-03, 1.432480440961994e-03, 7.730007299727399e-27, 9.371809856751701e-19, 1.784794964163139e-26, 2.855823509718044e-03, 8.386441613272902e-04, 1.886048426028498e+01, 1.330264535013064e+00, 5.329953392676364e+04, 1.248251994817811e+02, 2.092319648730401e-24, 2.536714539472471e-16, 4.830993591177206e-24, 7.729999999999999e-01, 2.269999999999998e-01, 2.362167353834951e+03, 2.216899880195912e+03, 9.344082310653245e+02, 5.105061388979073e+03, 3.600693397424346e+02, 5.409227094542103e+00, 1.273751000762794e-01
23, 6.240417574296114e-03, 1.671227181122291e-03, 9.015699551941470e-26, 3.396115417677251e-18, 2.104502668173284e-25, 2.991715509137602e-03, 8.785503500313494e-04, 1.963567207966801e+01, 1.659324674225661e+00, 5.568795543516801e+04, 1.309513606646300e+02, 2.329478097888958e-23, 8.774889222743172e-16, 5.437617840096325e-23, 7.729999999999999e-01, 2.269999999999991e-01, 2.622361858421246e+03, 2.349303404478828e+03, 9.348074398734465e+02, 5.073468540449128e+03, 4.287366125752303e+02, 5.227695846353182e+00, 1.434669753913866e-01
24, 7.131905799195436e-03, 1.909973921282586e-03, 4.694618635302211e-25, 8.160718188382647e-18, 1.110523616180668e-24, 3.033715249947223e-03, 8.908840384709098e-04, 1.981917322457056e+01, 1.940459850931827e+00, 5.637053013528952e+04, 1.330138823455402e+02, 1.196203303903272e-22, 2.079376157577587e-15, 2.829648416484013e-22, 7.730000000000000e-01, 2.269999999999979e-01, 2.758387123897115e+03, 2.436953169429956e+03, 9.352803353818584e+02, 5.049986449077436e+03, 4.944351533310179e+02, 5.115263352034503e+00, 1.518795343546220e-01
25, 8.023394024094811e-03, 2.148720661442895e-03, 3.688732773622111e-24, 2.450195013634460e-17, 8.788870785889320e-24, 3.235702102467482e-03, 9.501997118500641e-04, 2.098605183001183e+01, 2.407476683171862e+00, 5.995592101991759e+04, 1.422409605037305e+02, 8.812277347273342e-22, 5.853445977289164e-15, 2.099636153869551e-21, 7.730000000000001e-01, 2.269999999999942e-01, 3.109840308705542e+03, 2.575943532863094e+03, 9.360133375878378e+02, 5.013507903656646e+03, 5.751393104676426e+02, 4.948143766548693e+00, 1.736153540177880e-01
26, 8.914882248994234e-03, 2.387467401603216e-03, 1.152441737001415e-23, 4.557598439599101e-17, 2.791499879673390e-23, 3.278834907721841e-03, 9.628661371964072e-04, 2.117203513394870e+01, 2.774094137619903e+00, 6.067997948546705e+04, 1.445130669633510e+02, 2.716932958729093e-21, 1.074474224217019e-14, 6.581085866524479e-21, 7.730000000000001e-01, 2.269999999999893e-01, 3.226465909693268e+03, 2.637389737776100e+03, 9.367456928199313e+02, 4.991402012952691e+03, 6.540051050847549e+02, 4.878220532916206e+00, 1.808281298318963e-01
27, 9.806370473893577e-03, 2.626214141763516e-03, 2.803039431593156e-23, 7.397840876407743e-17, 6.893306669924491e-23, 3.292896056231011e-03, 9.669953489836770e-04, 2.118986985845622e+01, 3.022801170269168e+00, 6.088257468884482e+04, 1.455270211523665e+02, 6.580072506453579e-21, 1.736626634977513e-14, 1.618188356042603e-20, 7.729999999999999e-01, 2.269999999999826e-01, 3.297930866306544e+03, 2.684295397530101e+03, 9.375093091121707e+02, 4.974274656982232e+03, 7.095958283276410e+02, 4.826350822022700e+00, 1.852479202231225e-01
28, 1.069785869879290e-02, 2.864960881923812e-03, 7.873766719277588e-23, 1.314379349197382e-16, 1.948941582927595e-22, 3.414217324380626e-03, 1.002622681286288e-03, 2.185491867525736e+01, 3.410735798821618e+00, 6.302045105813536e+04, 1.514319479052283e+02, 1.782669670890301e-20, 2.975836452103680e-14, 4.412524747165388e-20, 7.730000000000000e-01, 2.269999999999702e-01, 3.524678278474377e+03, 2.766910438018737e+03, 9.385226875187052e+02, 4.948089278130135e+03, 7.722117609977855e+02, 4.737999923936119e+00, 1.992712413168155e-01
29, 1.158934692369223e-02, 3.103707622084108e-03, 1.277812886602357e-22, 1.691343486221126e-16, 3.239778079987327e-22, 3.344054799274753e-03, 9.820186797351075e-04, 2.136908783671849e+01, 3.537391322734387e+00, 6.171833207407279e+04, 1.487571832378877e+02, 2.953747532958615e-20, 3.909650389498630e-14, 7.488957586380875e-20, 7.730000000000000e-01, 2.269999999999609e-01, 3.459287855794526e+03, 2.772554538804492e+03, 9.393540820945589e+02, 4.939603532025200e+03, 8.176909938995944e+02, 4.732080452381808e+00, 1.952271338894147e-01
30, 1.248083514859175e-02, 3.342454362244454e-03, 1.884552458782453e-22, 2.089559171914813e-16, 4.879186155004601e-22, 3.326365854105075e-03, 9.768241253320705e-04, 2.121621829897042e+01, 3.699780535165108e+00, 6.137921253634317e+04, 1.483804732534189e+02, 4.379431230756071e-20, 4.855837603962872e-14, 1.133853299138459e-19, 7.730000000000000e-01, 2.269999999999514e-01, 3.453639315716485e+03, 2.782747152690449e+03, 9.401372170058202e+02, 4.930346649892612e+03, 8.597762480495591e+02, 4.721449192443356e+00, 1.948777967549016e-01
31, 1.337232337349147e-02, 3.581201102404856e-03, 2.790820629689536e-22, 2.618104618524147e-16, 7.332274899515878e-22, 3.361193371051930e-03, 9.870516109037331e-04, 2.138119123899485e+01, 3.916069217721032e+00, 6.198622578992501e+04, 1.503912321449930e+02, 6.418269074697283e-20, 6.021060518412816e-14, 1.686260762662383e-19, 7.729999999999999e-01, 2.269999999999397e-01, 3.525435112499319e+03, 2.811162874012361e+03, 9.409999338768107e+02, 4.917200233133408e+03, 9.006091501218746e+02, 4.692123617780680e+00, 1.993180481422823e-01
32, 1.426381159839122e-02, 3.819947842565264e-03, 3.895328822658563e-22, 3.157471584802841e-16, 1.039976664842914e-21, 3.356792267536671e-03, 9.857591781766886e-04, 2.131110309782790e+01, 4.066067373664929e+00, 6.188682738366699e+04, 1.506654979077293e+02, 8.970138572574554e-20, 7.271005592620970e-14, 2.394851685336796e-19, 7.730000000000000e-01, 2.269999999999273e-01, 3.539053389720042e+03, 2.825721978684477e+03, 9.418889441385428e+02, 4.907507340842921e+03, 9.363314227810356e+02, 4.677246822236175e+00, 2.001602781478348e-01
33, 1.515529982329097e-02, 4.058694582725674e-03, 4.832521700201466e-22, 3.545829830479983e-16, 1.318452984265227e-21, 3.321820545567853e-03, 9.754893452052115e-04, 2.106594462345144e+01, 4.150151606406477e+00, 6.124413412949519e+04, 1.495103685631956e+02, 1.124545779343766e-19, 8.251277940399626e-14, 3.068089148273958e-19, 7.730000000000000e-01, 2.269999999999175e-01, 3.500126951753145e+03, 2.824063197213218e+03, 9.426782080475535e+02, 4.902123691075034e+03, 9.657557197159788e+02, 4.678916037814951e+00, 1.977528507226456e-01
34, 1.604678804819070e-02, 4.297441322886079e-03, 7.225182618475559e-22, 4.527005431500658e-16, 1.975569667584786e-21, 3.401122612538084e-03, 9.987772743153883e-04, 2.149562691076511e+01, 4.406040268881026e+00, 6.264807024031750e+04, 1.536758275228724e+02, 1.642124321979018e-19, 1.028888281078054e-13, 4.490033224363621e-19, 7.730000000000000e-01, 2.269999999998971e-01, 3.641835362593424e+03, 2.869887027471627e+03, 9.437851560700009e+02, 4.885480911733926e+03, 1.001395573123254e+03, 4.632777724854276e+00, 2.065168870037710e-01
35, 1.693827627309051e-02, 4.536188063046503e-03, 1.030607736796552e-21, 5.612378434555359e-16, 2.856258854756325e-21, 3.434899449150816e-03, 1.008696215985513e-03, 2.166072943848624e+01, 4.593438712145985e+00, 6.324476655559504e+04, 1.559626695576895e+02, 2.319310338882516e-19, 1.263026354667772e-13, 6.427809976424430e-19, 7.730000000000000e-01, 2.269999999998737e-01, 3.703469712128923e+03, 2.889758502334049e+03, 9.451807858416330e+02, 4.874595051127127e+03, 1.033721125480592e+03, 4.613064626035602e+00, 2.103286979773731e-01
36, 1.782976449799041e-02, 4.774934803206952e-03, 1.167582950551089e-21, 5.905051045387541e-16, 3.309632391988578e-21, 3.336502712136221e-03, 9.798009258143150e-04, 2.103427671862902e+01, 4.570264425728175e+00, 6.145726703950029e+04, 1.518692690300062e+02, 2.705052861168311e-19, 1.368080547778739e-13, 7.667746918656542e-19, 7.730000000000000e-01, 2.269999999998631e-01, 3.573158213623281e+03, 2.870301682574043e+03, 9.458866397641269e+02, 4.873215251514052e+03, 1.058837563127880e+03, 4.632317074572139e+00, 2.022695101424429e-01
37, 1.872125272289031e-02, 5.013681543367401e-03, 1.402094110361680e-21, 6.581460606316970e-16, 4.046363895495206e-21, 3.335134233534224e-03, 9.793990569363000e-04, 2.099355936877371e+01, 4.679853456981346e+00, 6.142169182608026e+04, 1.523187890598732e+02, 3.249700526029688e-19, 1.525416577698539e-13, 9.378450977378621e-19, 7.730000000000000e-01, 2.269999999998474e-01, 3.582060963953715e+03, 2.878633903337272e+03, 9.468508188340212e+02, 4.865777583670247e+03, 1.084672000866696e+03, 4.624021353564030e+00, 2.028201057382517e-01
38, 1.961274094779022e-02, 5.252428283527852e-03, 1.694040599377991e-21, 7.391175128175057e-16, 4.973628074500574e-21, 3.335113933185996e-03, 9.793930955144237e-04, 2.096623900908419e+01, 4.767700690648347e+00, 6.141119860606510e+04, 1.529161725846125e+02, 3.926382754991051e-19, 1.713098409391188e-13, 1.152768564615791e-18, 7.730000000000001e-01, 2.269999999998287e-01, 3.592158518089941e+03, 2.886766121948359e+03, 9.479760657734796e+02, 4.859474992070156e+03, 1.105039500209974e+03, 4.615952427090134e+00, 2.034445946466783e-01
39, 2.050422917269014e-02, 5.491175023688308e-03, 1.904444511933687e-21, 7.886457126049285e-16, 5.714304257406387e-21, 3.290233899847770e-03, 9.662135773154386e-04, 2.067624227559861e+01, 4.767939877663100e+00, 6.059450108205961e+04, 1.513443344525293e+02, 4.474258221559421e-19, 1.852826134554797e-13, 1.342505525573579e-18, 7.729999999999999e-01, 2.269999999998147e-01, 3.534117459464222e+03, 2.878862934718098e+03, 9.489008823919613e+02, 4.857628899810800e+03, 1.120168850489353e+03, 4.623747359064001e+00, 1.998550127681259e-01
40, 2.139571739759007e-02, 5.729921763848764e-03, 2.025925344364592e-21, 8.113453963632767e-16, 6.252535808159840e-21, 3.222950226178772e-03, 9.464549823311176e-04, 2.025674582725876e+01, 4.721372451764609e+00, 5.937648968791628e+04, 1.486495550823054e+02, 4.859027230620854e-19, 1.945949975567586e-13, 1.499622966699662e-18, 7.730000000000000e-01, 2.269999999998054e-01, 3.440729976162611e+03, 2.861302497358623e+03, 9.496772657447318e+02, 4.858425797979566e+03, 1.132385128249761e+03, 4.641203234809492e+00, 1.940794113976412e-01
41, 2.228720562248999e-02, 5.968668504009221e-03, 2.261912493917868e-21, 8.684772495229678e-16, 7.104042171711829e-21, 3.229235777793060e-03, 9.483008040858384e-04, 2.027399520245098e+01, 4.795140873627640e+00, 5.948256046579451e+04, 1.493560941167061e+02, 5.414464839707221e-19, 2.078921949576750e-13, 1.700533803228893e-18, 7.730000000000000e-01, 2.269999999997921e-01, 3.457168343246481e+03, 2.869376607134568e+03, 9.504830667664236e+02, 4.853098184798729e+03, 1.147839349732270e+03, 4.633132038698382e+00, 1.950960514451249e-01
42, 2.317869384738967e-02, 6.207415244169609e-03, 2.725311867566823e-21, 9.857716948636351e-16, 8.687285278146696e-21, 3.258441811662004e-03, 9.568774789734961e-04, 2.043158138057718e+01, 4.893561594908955e+00, 6.000318975799165e+04, 1.514641416351995e+02, 6.465256080649869e-19, 2.338545734965642e-13, 2.060884284007576e-18, 7.730000000000000e-01, 2.269999999997661e-01, 3.505782047779406e+03, 2.883644535407190e+03, 9.519318757485696e+02, 4.846983104212763e+03, 1.160899390416060e+03, 4.618945087211569e+00, 1.981025933134595e-01
43, 2.407018207228917e-02, 6.446161984329951e-03, 3.051818795745357e-21, 1.056842266355474e-15, 9.853371362024868e-21, 3.253375917248720e-03, 9.553898230461092e-04, 2.038536067130127e+01, 4.938518060551514e+00, 5.990755747887598e+04, 1.517113946574561e+02, 7.251101591439029e-19, 2.511050344848073e-13, 2.341154621100900e-18, 7.729999999999999e-01, 2.269999999997488e-01, 3.502677027271437e+03, 2.885576734763745e+03, 9.528551860890383e+02, 4.843548424690447e+03, 1.173388676226091e+03, 4.617014510405123e+00, 1.979105615757234e-01
44, 2.496167029718797e-02, 6.684908724490106e-03, 3.224160395752265e-21, 1.089418766283563e-15, 1.073144143591169e-20, 3.183217496006172e-03, 9.347870266397914e-04, 1.995106775395778e+01, 4.908125974892270e+00, 5.864888532399244e+04, 1.489747675571839e+02, 7.829424125255150e-19, 2.645501626557915e-13, 2.605980973768703e-18, 7.730000000000000e-01, 2.269999999997354e-01, 3.393919762153225e+03, 2.857603958456878e+03, 9.538993850657386e+02, 4.844838718422106e+03, 1.191869981662217e+03, 4.644804667729617e+00, 1.911844074139476e-01
45, 2.585315852208661e-02, 6.923655464650219e-03, 3.461423962836480e-21, 1.139800952843782e-15, 1.177167267741823e-20, 3.176876611992016e-03, 9.329249559137212e-04, 1.990316798989550e+01, 4.926734973767839e+00, 5.853058757877497e+04, 1.491151458457385e+02, 8.422362748280776e-19, 2.773372227370780e-13, 2.864292225041304e-18, 7.730000000000001e-01, 2.269999999997227e-01, 3.388629900976297e+03, 2.858844756755179e+03, 9.547529801964316e+02, 4.842853763383080e+03, 1.198776849043110e+03, 4.643543081638659e+00, 1.908572529775819e-01
46, 2.674464674698497e-02, 7.162402204810255e-03, 3.602030115294728e-21, 1.165762893591483e-15, 1.257939714261664e-20, 3.134271794016498e-03, 9.204135798717257e-04, 1.964205869540682e+01, 4.885179206843366e+00, 5.776221439878397e+04, 1.475230213659325e+02, 8.883624210377488e-19, 2.875100744187320e-13, 3.102434833445552e-18, 7.730000000000000e-01, 2.269999999997125e-01, 3.326609800991241e+03, 2.844670634958440e+03, 9.555587642008496e+02, 4.844286765600632e+03, 1.204823249246917e+03, 4.657753759553323e+00, 1.870215850507100e-01
47, 2.763613497188353e-02, 7.401148944970346e-03, 3.873143354473840e-21, 1.225738342138841e-15, 1.374686744719774e-20, 3.149488852021347e-03, 9.248822372676563e-04, 1.972139030634936e+01, 4.953276248976646e+00, 5.803593677251773e+04, 1.486517349908279e+02, 9.506113384356838e-19, 3.008411151749972e-13, 3.373985124558819e-18, 7.730000000000000e-01, 2.269999999996992e-01, 3.349476951838802e+03, 2.850386152936559e+03, 9.563691376527565e+02, 4.840352013636761e+03, 1.215715539999948e+03, 4.651985243658038e+00, 1.884358168417917e-01
48, 2.852762319678226e-02, 7.639895685130482e-03, 4.430137604621658e-21, 1.348541090951209e-15, 1.592072376987490e-20, 3.176856638179256e-03, 9.329190903824693e-04, 1.987482266274775e+01, 5.031491716148720e+00, 5.852791816793683e+04, 1.506756328690961e+02, 1.077951182063794e-18, 3.281300927393202e-13, 3.873866804756610e-18, 7.729999999999999e-01, 2.269999999996719e-01, 3.390910010306318e+03, 2.860786375728455e+03, 9.577927038765226e+02, 4.835987162174591e+03, 1.224274035485608e+03, 4.641530623915461e+00, 1.909982676200774e-01
49, 2.941911142168101e-02, 7.878642425290624e-03, 4.662324473661629e-21, 1.393721144888541e-15, 1.710405753024846e-20, 3.147093189630601e-03, 9.241787245084983e-04, 1.969039459533341e+01, 5.012989488941469e+00, 5.799221300316596e+04, 1.497317743614247e+02, 1.145176390078066e-18, 3.423306461176952e-13, 4.201158235302831e-18, 7.729999999999999e-01, 2.269999999996577e-01, 3.346507834214493e+03, 2.850027327074377e+03, 9.587091661864915e+02, 4.836423361196777e+03, 1.231307953548906e+03, 4.652291000624453e+00, 1.882521900942467e-01
50, 3.031059964657972e-02, 8.117389165450753e-03, 4.746512298544783e-21, 1.407733739618621e-15, 1.783090110717203e-20, 3.114150732088224e-03, 9.145048074811629e-04, 1.949015990637011e+01, 4.982334480254778e+00, 5.740107799578032e+04, 1.484773053653466e+02, 1.178187673759387e-18, 3.494301574784421e-13, 4.426017794778181e-18, 7.729999999999999e-01, 2.269999999996506e-01, 3.295574721867628e+03, 2.836340163330729e+03, 9.593278361124464e+02, 4.837881947198333e+03, 1.236723872596362e+03, 4.666074311378342e+00, 1.851022031466005e-01
51, 3.120208876295687e-02, 8.356136144355005e-03, 4.807100534417674e-21, 1.419586842717350e-15, 1.852613561022340e-20, 3.083030903143477e-03, 9.053661255012573e-04, 1.930380957742067e+01, 4.943839324618369e+00, 5.684318636861400e+04, 1.473066470093814e+02, 1.205271315741960e-18, 3.559291696692553e-13, 4.645007875886426e-18, 7.730000000000000e-01, 2.269999999996441e-01, 3.246922346321087e+03, 2.822674536555646e+03, 9.599525774349059e+02, 4.839991966389884e+03, 1.239555462786145e+03, 4.679928019959668e+00, 1.820932696477031e-01
52, 3.211603615231537e-02, 8.600897604790440e-03, 5.025352499153348e-21, 1.468088130382087e-15, 1.976648437365090e-20, 3.083982445769540e-03, 9.056455565181768e-04, 1.930671579140675e+01, 4.965355813925851e+00, 5.686372226865910e+04, 1.477631530502117e+02, 1.259604277960221e-18, 3.679761946576776e-13, 4.954468026169157e-18, 7.729999999999999e-01, 2.269999999996320e-01, 3.244932578845982e+03, 2.820074371057782e+03, 9.607716208760719e+02, 4.839227060851003e+03, 1.244566112699432e+03, 4.682557981844692e+00, 1.819702113603409e-01
53, 3.306263821957166e-02, 8.854404214832268e-03, 5.425477682747179e-21, 1.555853418366349e-15, 2.173142703133709e-20, 3.094555317209674e-03, 9.087503971609228e-04, 1.936458605923003e+01, 5.009613487759797e+00, 5.705705286504559e+04, 1.488747072126510e+02, 1.355249403828773e-18, 3.886421695901776e-13, 5.428370597159173e-18, 7.729999999999999e-01, 2.269999999996113e-01, 3.257673544576802e+03, 2.821474255365863e+03, 9.619711027861730e+02, 4.837148956600988e+03, 1.251369204648780e+03, 4.681102898971213e+00, 1.827581835439210e-01
54, 3.404330350149454e-02, 9.117033190412857e-03, 5.785430820769422e-21, 1.634196007395843e-15, 2.369956231458658e-20, 3.084847221112867e-03, 9.058995073626875e-04, 1.930539220005906e+01, 5.008600347296230e+00, 5.688565382858701e+04, 1.490479301561080e+02, 1.449711348376412e-18, 4.094962969547878e-13, 5.938628514175338e-18, 7.730000000000000e-01, 2.269999999995904e-01, 3.239856005464440e+03, 2.814873157382298e+03, 9.632421242046209e+02, 4.837538815054224e+03, 1.255053424351848e+03, 4.687809136101036e+00, 1.816562478275075e-01
55, 3.505990866283369e-02, 9.389287115390117e-03, 5.999966601284527e-21, 1.682028075598745e-15, 2.516048557379105e-20, 3.078885466626054e-03, 9.041487722158007e-04, 1.927105388024135e+01, 5.010380605679575e+00, 5.678406646267347e+04, 1.492096529651602e+02, 1.506380874854493e-18, 4.222981713777879e-13, 6.316914207871918e-18, 7.729999999999999e-01, 2.269999999995777e-01, 3.225245225300675e+03, 2.807604880419187e+03, 9.641352274680005e+02, 4.838284765997053e+03, 1.257930588900568e+03, 4.695230465595862e+00, 1.807526359198479e-01
56, 3.611437659401692e-02, 9.671680953179728e-03, 6.297055942927099e-21, 1.748179196872587e-15, 2.699438036364108e-20, 3.079032837920210e-03, 9.041920494263082e-04, 1.927239446949509e+01, 5.019829669677473e+00, 5.679082732675290e+04, 1.497483960351479e+02, 1.580893904064555e-18, 4.388853871708947e-13, 6.777016394274419e-18, 7.730000000000001e-01, 2.269999999995611e-01, 3.221356715526335e+03, 2.804085679840166e+03, 9.651891912447146e+02, 4.838389750653824e+03, 1.260242595295517e+03, 4.698818553864303e+00, 1.805121488482638e-01
57, 3.720781251492448e-02, 9.964510689344029e-03, 6.532530448694774e-21, 1.800543626621947e-15, 2.862262856131949e-20, 3.076376170355944e-03, 9.034118896111352e-04, 1.925870892587462e+01, 5.020278117532993e+00, 5.674774545852670e+04, 1.500669412344676e+02, 1.641426716764876e-18, 4.524219881789449e-13, 7.191998199407458e-18, 7.729999999999999e-01, 2.269999999995476e-01, 3.212658550476412e+03, 2.798929198647010e+03, 9.660763452875276e+02, 4.839129279166994e+03, 1.261443584905938e+03, 4.704102921690428e+00, 1.799742059440655e-01
58, 3.834153283913298e-02, 1.026812886858450e-02, 6.751741645290930e-21, 1.850463023621378e-15, 3.030477649719477e-20, 3.068963452492217e-03, 9.012350630197966e-04, 1.921763792728648e+01, 5.010886679097665e+00, 5.661949135896959e+04, 1.501670418317037e+02, 1.700605553830108e-18, 4.660882866160339e-13, 7.633063278517804e-18, 7.730000000000000e-01, 2.269999999995339e-01, 3.196434363471335e+03, 2.791520719632642e+03, 9.669920753061715e+02, 4.840472800589702e+03, 1.262124969196686e+03, 4.711727403643050e+00, 1.789708119838825e-01
59, 3.951707266937012e-02, 1.058294660207660e-02, 7.096532992652609e-21, 1.929426487274330e-15, 3.261337751816478e-20, 3.073160854880846e-03, 9.024676766577756e-04, 1.924264826419438e+01, 5.029349869480349e+00, 5.669952943158328e+04, 1.509664021431099e+02, 1.785009071232998e-18, 4.853135729274685e-13, 8.203326155707796e-18, 7.729999999999999e-01, 2.269999999995146e-01, 3.198206163601996e+03, 2.789253229590679e+03, 9.681666932986992e+02, 4.840152471875404e+03, 1.265045219788550e+03, 4.714045187945093e+00, 1.790803899583721e-01
60, 4.073611831285641e-02, 1.090941549460945e-02, 7.468788756081490e-21, 2.012256736684715e-15, 3.502132586099983e-20, 3.076123603612859e-03, 9.033377205932259e-04, 1.926051538135928e+01, 5.042978907362451e+00, 5.675659089976127e+04, 1.517027933491553e+02, 1.876834110849855e-18, 5.056605838693882e-13, 8.800519218004710e-18, 7.730000000000000e-01, 2.269999999994944e-01, 3.198890432977346e+03, 2.787162975654797e+03, 9.693319265358972e+02, 4.839980543143506e+03, 1.267251644508944e+03, 4.716182109189429e+00, 1.791227089823176e-01
61, 4.199973579341539e-02, 1.124782103476910e-02, 7.800995384461839e-21, 2.087683926185249e-15, 3.749405333591783e-20, 3.069325729048566e-03, 9.013414495374010e-04, 1.922095150159697e+01, 5.042130269233291e+00, 5.663921764855726e+04, 1.519704003109841e+02, 1.964656072543412e-18, 5.257766093927865e-13, 9.442759025008610e-18, 7.730000000000000e-01, 2.269999999994743e-01, 3.183769059757600e+03, 2.780131633017437e+03, 9.705213447911802e+02, 4.840735986447453e+03, 1.269844598515618e+03, 4.723452443304136e+00, 1.781875191602564e-01
62, 4.330924441866192e-02, 1.159851654230057e-02, 8.037001025006223e-21, 2.148062417511487e-15, 3.969349016673568e-20, 3.066516855270273e-03, 9.005165926839478e-04, 1.920597226312223e+01, 5.044648901260964e+00, 5.659373569457241e+04, 1.523574447080128e+02, 2.025947381196524e-18, 5.414782722888482e-13, 1.000583702846870e-17, 7.730000000000000e-01, 2.269999999994586e-01, 3.174504390693014e+03, 2.774580676057435e+03, 9.715585658575244e+02, 4.841394083283128e+03, 1.271642643663550e+03, 4.729207747369371e+00, 1.776145404970057e-01
63, 4.466648738017173e-02, 1.196199563671325e-02, 8.459717003384919e-21, 2.245089799469257e-15, 4.268594630784250e-20, 3.073484762910882e-03, 9.025627958331627e-04, 1.924960149302667e+01, 5.060712570658843e+00, 5.672417510131031e+04, 1.533606162970794e+02, 2.127669973357260e-18, 5.646536582618667e-13, 1.073577357341823e-17, 7.730000000000000e-01, 2.269999999994353e-01, 3.179873654316782e+03, 2.772972620095757e+03, 9.728485586334365e+02, 4.841391157578701e+03, 1.272799808323864e+03, 4.730854052000024e+00, 1.779466056223049e-01
64, 4.607394334706959e-02, 1.233892212281907e-02, 8.858873107531923e-21, 2.342464043326462e-15, 4.599022206400616e-20, 3.069660860805275e-03, 9.014398646843294e-04, 1.922822212807808e+01, 5.065736761596318e+00, 5.666149215114176e+04, 1.539190172427552e+02, 2.230835659912522e-18, 5.898777707372994e-13, 1.158122778623521e-17, 7.730000000000000e-01, 2.269999999994101e-01, 3.168026474733182e+03, 2.766082867442983e+03, 9.743184352258585e+02, 4.842038381108063e+03, 1.275650534139691e+03, 4.738020970447627e+00, 1.772139101451345e-01
65, 4.753441116795683e-02, 1.273004555171822e-02, 9.016849731437981e-21, 2.394249345928965e-15, 4.823528691236892e-20, 3.066824626592787e-03, 9.006069731367555e-04, 1.921572625945355e+01, 5.060252496860251e+00, 5.661628167093743e+04, 1.542781606615947e+02, 2.272717123099794e-18, 6.034758976287667e-13, 1.215781184876079e-17, 7.729999999999999e-01, 2.269999999993965e-01, 3.157957060728314e+03, 2.759840985141959e+03, 9.753011636689556e+02, 4.843366741534216e+03, 1.275447949046469e+03, 4.744543864440777e+00, 1.765911615789410e-01
66, 4.904722907946974e-02, 1.313518869858435e-02, 9.135870396277116e-21, 2.440870304687744e-15, 5.042855102235137e-20, 3.061410595265854e-03, 8.990170829540259e-04, 1.919036913195426e+01, 5.045690457256097e+00, 5.652627939605308e+04, 1.544956946667644e+02, 2.306788846697953e-18, 6.163148283478704e-13, 1.273310741151742e-17, 7.730000000000000e-01, 2.269999999993837e-01, 3.142436640173627e+03, 2.751133912237535e+03, 9.762617197677610e+02, 4.845529496089186e+03, 1.274026662575217e+03, 4.753687252227313e+00, 1.756312924502631e-01
67, 5.061579951229327e-02, 1.355526275799297e-02, 9.469888471452928e-21, 2.534844375754372e-15, 5.376098610140619e-20, 3.070758792995160e-03, 9.017622846157076e-04, 1.925014440253174e+01, 5.062608172205294e+00, 5.670126003202162e+04, 1.556527699254457e+02, 2.383848514944121e-18, 6.380946321566775e-13, 1.353321607388539e-17, 7.730000000000000e-01, 2.269999999993619e-01, 3.149657946219357e+03, 2.749061584665405e+03, 9.775990632229718e+02, 4.845825617141036e+03, 1.274406874952767e+03, 4.755842253895250e+00, 1.760778981796380e-01
68, 5.224297969845960e-02, 1.399103291653265e-02, 9.887202181189967e-21, 2.639418437406576e-15, 5.717851410015719e-20, 3.085862342944271e-03, 9.061976091155360e-04, 1.934289595414155e+01, 5.088620825910680e+00, 5.697806260903798e+04, 1.570643927797244e+02, 2.476716857942444e-18, 6.611670338374941e-13, 1.432305997073432e-17, 7.730000000000000e-01, 2.269999999993388e-01, 3.167232554166704e+03, 2.750870748173754e+03, 9.788511900342711e+02, 4.845342050574238e+03, 1.274685472416743e+03, 4.753901619328452e+00, 1.771648096816709e-01
69, 5.392886588664213e-02, 1.444252495026680e-02, 1.064060639235356e-20, 2.816858456553888e-15, 6.302441709662078e-20, 3.088884502646389e-03, 9.070850997393960e-04, 1.936343186524835e+01, 5.096805773145360e+00, 5.703755560358499e+04, 1.583395913674571e+02, 2.662834668710469e-18, 7.049248960427785e-13, 1.577199612803555e-17, 7.730000000000000e-01, 2.269999999992951e-01, 3.166643252368625e+03, 2.747667968704704e+03, 9.810169923109676e+02, 4.845740531578070e+03, 1.275486622845862e+03, 4.757230893987295e+00, 1.771283639808951e-01
70, 5.567779462008837e-02, 1.491090021560484e-02, 1.120688045053183e-20, 2.957270817847287e-15, 6.794196044019740e-20, 3.102626516597835e-03, 9.111205941337938e-04, 1.944842623612038e+01, 5.124993665672222e+00, 5.729196489928765e+04, 1.598852389623108e+02, 2.792124202483892e-18, 7.367855363727823e-13, 1.692731469266952e-17, 7.730000000000000e-01, 2.269999999992633e-01, 3.180073994033903e+03, 2.747100239176317e+03, 9.826300265054505e+02, 4.845453811503580e+03, 1.276860132011222e+03, 4.757791325351621e+00, 1.779589957446624e-01
71, 5.749073580602473e-02, 1.539641846044035e-02, 1.204537969797438e-20, 3.151562713416724e-15, 7.464150868274390e-20, 3.110615646975743e-03, 9.134666906352620e-04, 1.949733909332547e+01, 5.148320564535015e+00, 5.744189287856658e+04, 1.614116179974396e+02, 2.993323368506416e-18, 7.831755041287893e-13, 1.854870313786825e-17, 7.730000000000000e-01, 2.269999999992169e-01, 3.185858924559678e+03, 2.745029206635558e+03, 9.847561016669515e+02, 4.845164054194099e+03, 1.279377540666181e+03, 4.759929551828812e+00, 1.783167680230406e-01
72, 5.936984105820705e-02, 1.589965590188528e-02, 1.246114459261532e-20, 3.264823359999101e-15, 7.921353652492968e-20, 3.114127138478857e-03, 9.144978789549508e-04, 1.952196786788000e+01, 5.156521078696255e+00, 5.751144352000853e+04, 1.623190148255071e+02, 3.093150774440368e-18, 8.104063659109464e-13, 1.966267304156386e-17, 7.730000000000000e-01, 2.269999999991896e-01, 3.184749344139391e+03, 2.740978941270624e+03, 9.861341833508177e+02, 4.845814088773016e+03, 1.279970475379892e+03, 4.764186383932248e+00, 1.782481453985784e-01
73, 6.131888829774556e-02, 1.642162429345971e-02, 1.262970905568042e-20, 3.336519603602436e-15, 8.288287288568482e-20, 3.108813453933808e-03, 9.129374567146123e-04, 1.949505546141844e+01, 5.148937332038434e+00, 5.742278490430578e+04, 1.626363501192431e+02, 3.140350891008732e-18, 8.296186605603893e-13, 2.060865397361295e-17, 7.730000000000000e-01, 2.269999999991704e-01, 3.169841082953763e+03, 2.732811070864881e+03, 9.872634296399451e+02, 4.847404997108365e+03, 1.280272559496731e+03, 4.772838436454995e+00, 1.773261356099951e-01
74, 6.333959785032550e-02, 1.696278435033394e-02, 1.340259165228487e-20, 3.531888798331194e-15, 9.014704483119490e-20, 3.120598066598863e-03, 9.163981385707785e-04, 1.956771716907323e+01, 5.172195784075683e+00, 5.764042213652516e+04, 1.643395959088722e+02, 3.319941602895301e-18, 8.748803860170309e-13, 2.233022778561862e-17, 7.730000000000000e-01, 2.269999999991252e-01, 3.181892971101134e+03, 2.732841936519532e+03, 9.893158529913292e+02, 4.847098232096021e+03, 1.281199070102622e+03, 4.772754453312636e+00, 1.780714914032985e-01
75, 6.543449253022506e-02, 1.752381169969871e-02, 1.405251611397665e-20, 3.699553866108962e-15, 9.667986872051992e-20, 3.123751174869867e-03, 9.173240836902977e-04, 1.958851552192420e+01, 5.181689721596017e+00, 5.770192095595340e+04, 1.654610535650350e+02, 3.477420046606777e-18, 9.154874951335912e-13, 2.392429304938964e-17, 7.729999999999999e-01, 2.269999999990845e-01, 3.181850110029134e+03, 2.730046636203164e+03, 9.911134322072030e+02, 4.847352318027766e+03, 1.282255189535250e+03, 4.775688357647498e+00, 1.780688406362210e-01
76, 6.760644752453709e-02, 1.810547633663256e-02, 1.479866547075947e-20, 3.894332638965095e-15, 1.044956027796229e-19, 3.122412813979698e-03, 9.169310592113598e-04, 1.958235992404009e+01, 5.185376884407095e+00, 5.768277879734446e+04, 1.664970835238823e+02, 3.663631009224858e-18, 9.641002997560692e-13, 2.586944960864926e-17, 7.730000000000000e-01, 2.269999999990359e-01, 3.174906817691724e+03, 2.725256876711122e+03, 9.931911859172405e+02, 4.847906130000084e+03, 1.283717615332828e+03, 4.780750319478273e+00, 1.776394288208270e-01
77, 6.985839957815661e-02, 1.870856474182115e-02, 1.505639997258587e-20, 3.998425525410021e-15, 1.095697521931966e-19, 3.120599583694803e-03, 9.163985840823151e-04, 1.957537887290826e+01, 5.182892031780406e+00, 5.765575730572874e+04, 1.671016061351029e+02, 3.729602874915702e-18, 9.904452167754395e-13, 2.714139259900139e-17, 7.729999999999999e-01, 2.269999999990095e-01, 3.166587371001094e+03, 2.719695047771251e+03, 9.945049924480226e+02, 4.848993747170216e+03, 1.283848001999246e+03, 4.786671335558618e+00, 1.771249079663257e-01
78, 7.219325844631382e-02, 1.933385616793038e-02, 1.544918743646642e-20, 4.126738954297329e-15, 1.153761857111064e-19, 3.122206728291877e-03, 9.168705398694258e-04, 1.958849673853663e+01, 5.184764179609081e+00, 5.768957951667873e+04, 1.679376356651937e+02, 3.824929906201950e-18, 1.021703394194218e-12, 2.856498602303563e-17, 7.730000000000000e-01, 2.269999999989783e-01, 3.164089365546524e+03, 2.716150730598902e+03, 9.959067392869013e+02, 4.849745483436575e+03, 1.283650654686294e+03, 4.790439088321360e+00, 1.769704174155920e-01
79, 7.461397849477001e-02, 1.998214181463633e-02, 1.618487943436752e-20, 4.336000636082511e-15, 1.241486438825207e-19, 3.122708889787034e-03, 9.170180051465782e-04, 1.959401939995096e+01, 5.188178392028379e+00, 5.770341593599209e+04, 1.690992698270127e+02, 4.006429111494709e-18, 1.073340042247859e-12, 3.073193983437033e-17, 7.729999999999999e-01, 2.269999999989266e-01, 3.160040372887136e+03, 2.712238727803991e+03, 9.980218255677468e+02, 4.850332685732689e+03, 1.284289390584675e+03, 4.794591226528325e+00, 1.767200051898217e-01
80, 7.712375765598738e-02, 2.065427811046968e-02, 1.682075768833596e-20, 4.530948404641781e-15, 1.326325481427255e-19, 3.125920487092573e-03, 9.179611262179969e-04, 1.961624535531261e+01, 5.194250892013793e+00, 5.776620458333640e+04, 1.703154608627870e+02, 4.159557399739654e-18, 1.120445363613746e-12, 3.279832616909765e-17, 7.729999999999999e-01, 2.269999999988795e-01, 3.159847670021260e+03, 2.709286925175467e+03, 9.999572313830780e+02, 4.850845606044230e+03, 1.284471552013522e+03, 4.797721044264605e+00, 1.767080873728199e-01
81, 7.972633713574356e-02, 2.135126697632939e-02, 1.759882722033654e-20, 4.747649222591640e-15, 1.418678728574990e-19, 3.131909873510387e-03, 9.197199757867890e-04, 1.965485074200575e+01, 5.204395251178194e+00, 5.787866936556091e+04, 1.716863843620360e+02, 4.343641417137039e-18, 1.171787502604572e-12, 3.501501325002386e-17, 7.729999999999999e-01, 2.269999999988282e-01, 3.164119596668306e+03, 2.707761542958548e+03, 1.001888012469180e+03, 4.851097329483882e+03, 1.284518933059713e+03, 4.799316539420142e+00, 1.769722870763027e-01
82, 8.242461639642955e-02, 2.207388490838751e-02, 1.844853711882451e-20, 4.997389835428556e-15, 1.527186009697226e-19, 3.136500560126002e-03, 9.210680816878909e-04, 1.968457438535440e+01, 5.215315363454322e+00, 5.796633051191228e+04, 1.731580419293806e+02, 4.546697480034388e-18, 1.231621760855380e-12, 3.763795870160887e-17, 7.730000000000000e-01, 2.269999999987684e-01, 3.165933666905668e+03, 2.705348529411108e+03, 1.004133202751065e+03, 4.851322583302097e+03, 1.285330162921519e+03, 4.801863486618734e+00, 1.770844792692888e-01
83, 8.522212594146307e-02, 2.282307739998714e-02, 1.935914366758046e-20, 5.266499580047456e-15, 1.647320576600189e-19, 3.136791388211379e-03, 9.211534865716843e-04, 1.968948431056171e+01, 5.216573190002662e+00, 5.797663164754480e+04, 1.744548281686079e+02, 4.770676848731285e-18, 1.297824327966546e-12, 4.059494713284187e-17, 7.729999999999999e-01, 2.269999999987021e-01, 3.161300943889393e+03, 2.701139322653094e+03, 1.006482412134431e+03, 4.852082745847735e+03, 1.285520959738214e+03, 4.806353819416374e+00, 1.767979659116533e-01
84, 8.812282375538115e-02, 2.359990442688505e-02, 2.043467444565743e-20, 5.579292716084277e-15, 1.785354005999282e-19, 3.144237881937935e-03, 9.233402318183678e-04, 1.973682782612176e+01, 5.231612590471006e+00, 5.811646959746410e+04, 1.762531163985461e+02, 5.023793981121240e-18, 1.371649802423657e-12, 4.389231026587724e-17, 7.729999999999999e-01, 2.269999999986283e-01, 3.166599592217479e+03, 2.699258869017329e+03, 1.009006852201700e+03, 4.852230805192391e+03, 1.286173846980549e+03, 4.808325004089397e+00, 1.771256637943190e-01
85, 9.113047082487051e-02, 2.440537320744504e-02, 2.144961239790276e-20, 5.867546333947389e-15, 1.914773954284329e-19, 3.150471765868952e-03, 9.251708807861789e-04, 1.977710691018633e+01, 5.242224374876566e+00, 5.823371521621908e+04, 1.777996531262615e+02, 5.262878583203442e-18, 1.439661629498951e-12, 4.698090878632410e-17, 7.730000000000000e-01, 2.269999999985603e-01, 3.170856084501722e+03, 2.697538927578233e+03, 1.011178854436455e+03, 4.852512505331859e+03, 1.286232584491012e+03, 4.810132974172678e+00, 1.773889089509631e-01
86, 9.424866669024891e-02, 2.524044772357169e-02, 2.277312637401682e-20, 6.236388929325689e-15, 2.080207039390427e-19, 3.155424465836849e-03, 9.266252959122172e-04, 1.981007545682843e+01, 5.250122578489507e+00, 5.832816477635544e+04, 1.795682795189438e+02, 5.578845850282887e-18, 1.527759163485554e-12, 5.095986479341514e-17, 7.729999999999999e-01, 2.269999999984722e-01, 3.172937596823960e+03, 2.695072940154369e+03, 1.013867530715509e+03, 4.852972553747113e+03, 1.286148598108203e+03, 4.812738766872929e+00, 1.775176412499390e-01
87, 9.748170013635063e-02, 2.610627654163954e-02, 2.447219432074114e-20, 6.686585159986526e-15, 2.279081060346811e-19, 3.168583248014400e-03, 9.304895178448901e-04, 1.989040893954321e+01, 5.276214818246377e+00, 5.857026464096709e+04, 1.819804513647688e+02, 5.970178066739223e-18, 1.631243342559669e-12, 5.559991711601949e-17, 7.730000000000000e-01, 2.269999999983687e-01, 3.187310234904038e+03, 2.696037923296495e+03, 1.016846921606655e+03, 4.852416650217999e+03, 1.287172763114322e+03, 4.811613953038523e+00, 1.784065251266432e-01
88, 1.008339308239883e-01, 2.700402720910258e-02, 2.586264702513873e-20, 7.095354500416201e-15, 2.472477146499861e-19, 3.172053204361901e-03, 9.315085089064254e-04, 1.991430752676612e+01, 5.286071143043594e+00, 5.863927936328426e+04, 1.837162064817954e+02, 6.302487651512722e-18, 1.729072205119284e-12, 6.025197911612142e-17, 7.730000000000000e-01, 2.269999999982709e-01, 3.185927028685163e+03, 2.691919959702051e+03, 1.019585534184655e+03, 4.852932383675722e+03, 1.288166600722158e+03, 4.816015452162289e+00, 1.783209799609426e-01
89, 1.043097319128833e-01, 2.793487088851627e-02, 2.680376607215511e-20, 7.412930181414788e-15, 2.632265760178205e-19, 3.177241465251416e-03, 9.330320991026407e-04, 1.995067884645309e+01, 5.292254862987939e+00, 5.873988115479547e+04, 1.851655287989319e+02, 6.521163531439803e-18, 1.803512604535456e-12, 6.404113300393246e-17, 7.729999999999999e-01, 2.269999999981965e-01, 3.186447532307086e+03, 2.687963278811000e+03, 1.021623395460314e+03, 4.853856692030770e+03, 1.287567549974034e+03, 4.820268805405181e+00, 1.783531707998628e-01
90, 1.079134959989725e-01, 2.889998394758972e-02, 2.845406018022892e-20, 7.911049926682299e-15, 2.872798417376437e-19, 3.181631026768169e-03, 9.343211423936082e-04, 1.998127097022499e+01, 5.299461242150800e+00, 5.882569237328605e+04, 1.871575828418039e+02, 6.913117308155931e-18, 1.922046127245982e-12, 6.979669100372386e-17, 7.729999999999999e-01, 2.269999999980779e-01, 3.186191482427915e+03, 2.684039114040471e+03, 1.024688658082733e+03, 4.854592606759036e+03, 1.287541988909910e+03, 4.824468209728375e+00, 1.783373352512349e-01
91, 1.116309809947942e-01, 2.989555225635505e-02, 3.019328283925960e-20, 8.442427867919845e-15, 3.131946690227923e-19, 3.190903493753914e-03, 9.370441048843629e-04, 2.004044517149167e+01, 5.318160213657366e+00, 5.900013054930793e+04, 1.894351161531911e+02, 7.314357103069327e-18, 2.045187751580848e-12, 7.587176473012111e-17, 7.729999999999999e-01, 2.269999999979548e-01, 3.192479211119120e+03, 2.681520921306188e+03, 1.027725476460102e+03, 4.854820632427989e+03, 1.288330359474727e+03, 4.827139080885023e+00, 1.787262033646294e-01
92, 1.154556628374381e-01, 3.091982862543962e-02, 3.235704797680025e-20, 9.075256513425830e-15, 3.438604054729568e-19, 3.199168365876357e-03, 9.394711759986001e-04, 2.009300639260124e+01, 5.335155692320391e+00, 5.915560400972558e+04, 1.918942327460832e+02, 7.818281261109864e-18, 2.192811531804603e-12, 8.308537189407443e-17, 7.729999999999999e-01, 2.269999999978071e-01, 3.198093031353226e+03, 2.679296505361638e+03, 1.031153392972142e+03, 4.854978596047119e+03, 1.289108567761779e+03, 4.829481214915358e+00, 1.790733932308885e-01
93, 1.194211400542905e-01, 3.198181097390006e-02, 3.468647728007082e-20, 9.735922827946636e-15, 3.760189569204077e-19, 3.210344703269188e-03, 9.427532310926000e-04, 2.016214435443759e+01, 5.358511427052784e+00, 5.936307827320518e+04, 1.944602990373276e+02, 8.351952645518298e-18, 2.344255536901984e-12, 9.053939080232877e-17, 7.730000000000000e-01, 2.269999999976558e-01, 3.208452240864508e+03, 2.678617452007718e+03, 1.034428861261071e+03, 4.854724033250777e+03, 1.290244417957284e+03, 4.830137172752869e+00, 1.797140643629851e-01
94, 1.235329691157358e-01, 3.308298736310846e-02, 3.707759413165355e-20, 1.049676230391693e-14, 4.148993511116209e-19, 3.214247453769105e-03, 9.438993169436907e-04, 2.018981362187640e+01, 5.369062114259894e+00, 5.944173988663180e+04, 1.968845732217092e+02, 8.916855555150126e-18, 2.524384751837671e-12, 9.977987165649057e-17, 7.729999999999999e-01, 2.269999999974756e-01, 3.205857559361342e+03, 2.673201492450658e+03, 1.038187665527855e+03, 4.855483640940472e+03, 1.291215151918740e+03, 4.835974335996873e+00, 1.795535948277129e-01
95, 1.277962626229142e-01, 3.422472698316944e-02, 3.817489367765973e-20, 1.095035752930612e-14, 4.403640486605458e-19, 3.226218987260983e-03, 9.474148901678895e-04, 2.026891362268511e+01, 5.388483047593258e+00, 5.966865681217359e+04, 1.987481716824072e+02, 9.146680039188500e-18, 2.623698640289753e-12, 1.055109436026220e-16, 7.729999999999999e-01, 2.269999999973763e-01, 3.212272952440810e+03, 2.668611661005617e+03, 1.040115356915169e+03, 4.856418703194540e+03, 1.291077081945349e+03, 4.840967696026374e+00, 1.799503584169221e-01
96, 1.322166984316482e-01, 3.540855040331866e-02, 4.069795342844541e-20, 1.184447109737513e-14, 4.877178173554944e-19, 3.238307849976061e-03, 9.509649184157959e-04, 2.034761925061847e+01, 5.412913033594503e+00, 5.989830415398136e+04, 2.018565418806296e+02, 9.714801512901518e-18, 2.827333466254192e-12, 1.164206401249295e-16, 7.729999999999999e-01, 2.269999999971727e-01, 3.218244745701801e+03, 2.663592096466982e+03, 1.044116478812302e+03, 4.857076723216524e+03, 1.292088945465602e+03, 4.846390924823120e+00, 1.803196873261405e-01
97, 1.368001042322728e-01, 3.663601831951517e-02, 4.277255262127482e-20, 1.260852128317945e-14, 5.287982773700660e-19, 3.248942933301851e-03, 9.540880282662016e-04, 2.041691697356049e+01, 5.431930537879023e+00, 6.009945705585495e+04, 2.044362881664441e+02, 1.017659708249902e-17, 2.999864002533466e-12, 1.258135574550222e-16, 7.729999999999998e-01, 2.269999999970001e-01, 3.224375952653595e+03, 2.659931004470111e+03, 1.047336057527424e+03, 4.857665137418392e+03, 1.292384136003652e+03, 4.850346952221952e+00, 1.806988752646262e-01
98, 1.415524108020030e-01, 3.790871903510071e-02, 4.408010295516247e-20, 1.313964116416418e-14, 5.583873415172473e-19, 3.259924203423825e-03, 9.573127996986434e-04, 2.048816110352970e+01, 5.450564088989635e+00, 6.030614319535833e+04, 2.063463563095004e+02, 1.045236559443729e-17, 3.115699012029574e-12, 1.324059665373499e-16, 7.729999999999999e-01, 2.269999999968843e-01, 3.231721308839943e+03, 2.657009949951359e+03, 1.049370129772235e+03, 4.858195327484867e+03, 1.292449080982885e+03, 4.853523188504444e+00, 1.811531529446399e-01
99, 1.464799102645229e-01, 3.922833762451179e-02, 4.675507882398190e-20, 1.415773545314467e-14, 6.139176243687916e-19, 3.264864609651984e-03, 9.587636046313794e-04, 2.052351154162682e+01, 5.460329365398358e+00, 6.040476132830106e+04, 2.091031648171494e+02, 1.106988504947239e-17, 3.352031650233541e-12, 1.453531402907581e-16, 7.729999999999999e-01, 2.269999999966479e-01, 3.229394636045522e+03, 2.651079336222277e+03, 1.053426789606349e+03, 4.859213571912439e+03, 1.292805400559274e+03, 4.859988589833439e+00, 1.810092585585290e-01
100, 1.515891417382304e-01, 4.059662530908530e-02, 4.691301293373290e-20, 1.457471203550196e-14, 6.419251963798277e-19, 3.273704163256810e-03, 9.613594373195724e-04, 2.058594054605296e+01, 5.473984598135680e+00, 6.057766292851115e+04, 2.105278762887125e+02, 1.107728651989705e-17, 3.441438762210848e-12, 1.515739211780087e-16, 7.729999999999999e-01, 2.269999999965585e-01, 3.228781200888830e+03, 2.643418752380749e+03, 1.054843226222503e+03, 4.860833859302707e+03, 1.292538935512526e+03, 4.868474919996359e+00, 1.809713203166315e-01
101, 1.568867156612559e-01, 4.201535241007798e-02, 4.877280269846466e-20, 1.548920363241034e-14, 6.944302723230853e-19, 3.281361340634986e-03, 9.636080521502827e-04, 2.063770899824225e+01, 5.490058397623550e+00, 6.072618225905827e+04, 2.131036880189610e+02, 1.148955344205325e-17, 3.648837529589542e-12, 1.635889939514763e-16, 7.730000000000000e-01, 2.269999999963511e-01, 3.229504818453255e+03, 2.637841284232671e+03, 1.058262276407401e+03, 4.861686172164798e+03, 1.293309300871379e+03, 4.874609139685472e+00, 1.810160728514364e-01
102, 1.623795444791689e-01, 4.348637012843689e-02, 5.042222901888715e-20, 1.637918667260931e-14, 7.465241737731733e-19, 3.287766710563743e-03, 9.654890598775012e-04, 2.068091392891542e+01, 5.505787176392460e+00, 6.085118734149649e+04, 2.154683424656218e+02, 1.185497222365774e-17, 3.850976183086918e-12, 1.755182885916245e-16, 7.729999999999999e-01, 2.269999999961490e-01, 3.229344211296161e+03, 2.632571199810507e+03, 1.061441324374611e+03, 4.862372508270360e+03, 1.294487675684755e+03, 4.880423123565198e+00, 1.810061400115758e-01
103, 1.680748718576803e-01, 4.501161836816416e-02, 5.162384134311506e-20, 1.713551651784389e-14, 7.919693818313260e-19, 3.291280290938064e-03, 9.665208616166813e-04, 2.070683102893533e+01, 5.513139640474960e+00, 6.092252318817833e+04, 2.173103038672725e+02, 1.212453083017562e-17, 4.024499008717998e-12, 1.860043138353103e-16, 7.729999999999999e-01, 2.269999999959754e-01, 3.226490138980045e+03, 2.627436654525416e+03, 1.064058737079559e+03, 4.863268688916481e+03, 1.294832577407896e+03, 4.886116407186899e+00, 1.808296283057492e-01
104, 1.736973472536992e-01, 4.651735634084748e-02, 5.323718271395213e-20, 1.793411206455186e-14, 8.378842224810851e-19, 3.293735267413374e-03, 9.672417926118665e-04, 2.072454806384539e+01, 5.518143044911114e+00, 6.097193497428777e+04, 2.191629258631779e+02, 1.249412563451179e-17, 4.208920116638727e-12, 1.966413361710506e-16, 7.729999999999998e-01, 2.269999999957910e-01, 3.224927306685351e+03, 2.624206584903723e+03, 1.066793432727765e+03, 4.863801839767564e+03, 1.295041716290113e+03, 4.889675360145197e+00, 1.807329740644745e-01
105, 1.778935653319111e-01, 4.764113269503090e-02, 5.634758589979392e-20, 1.906484940357581e-14, 8.985658321683129e-19, 3.301935217369635e-03, 9.696497986134150e-04, 2.077378952325992e+01, 5.536596256204678e+00, 6.112284286053819e+04, 2.219468900781478e+02, 1.319125937765627e-17, 4.463179202135857e-12, 2.103588782154928e-16, 7.729999999999999e-01, 2.269999999955367e-01, 3.233841329396748e+03, 2.624925247642936e+03, 1.070391834219660e+03, 4.863250864828306e+03, 1.296145631062850e+03, 4.888764825360809e+00, 1.812842668070168e-01
106, 1.808818454983137e-01, 4.844141488439446e-02, 5.837785454019525e-20, 1.984136899804999e-14, 9.407690389577294e-19, 3.302719083345952e-03, 9.698799895267703e-04, 2.077880445138448e+01, 5.540363569260373e+00, 6.113881731714486e+04, 2.235388190957901e+02, 1.366331208340436e-17, 4.643863994619395e-12, 2.201865943674480e-16, 7.730000000000000e-01, 2.269999999953561e-01, 3.233144887579599e+03, 2.623737077822586e+03, 1.072857014334236e+03, 4.863270364686281e+03, 1.296719742418876e+03, 4.890033629200141e+00, 1.812411949715697e-01
107, 1.830102782198245e-01, 4.901142395430518e-02, 6.028296182946062e-20, 2.051708407695079e-14, 9.768074993801578e-19, 3.308281852119880e-03, 9.715135581052430e-04, 2.081154108038837e+01, 5.554138284087561e+00, 6.124065133806811e+04, 2.251501029582205e+02, 1.408547747052251e-17, 4.793940389728395e-12, 2.282369612906551e-16, 7.729999999999998e-01, 2.269999999952059e-01, 3.239732543533022e+03, 2.624662324157875e+03, 1.074826133116692e+03, 4.862742043829119e+03, 1.297757895340324e+03, 4.888935691845373e+00, 1.816486122549972e-01
108, 1.845266076094257e-01, 4.941750749939901e-02, 6.158140649846797e-20, 2.097354976918494e-14, 1.001165385921189e-18, 3.310085481590914e-03, 9.720432138485441e-04, 2.082197325937696e+01, 5.559754704304822e+00, 6.127396822436350e+04, 2.261100119068269e+02, 1.438102655899894e-17, 4.897926069204647e-12, 2.338008633375601e-16, 7.729999999999999e-01, 2.269999999951020e-01, 3.241569469963079e+03, 2.624719545374642e+03, 1.076157904415585e+03, 4.862528602059703e+03, 1.298362356600544e+03, 4.888833519009208e+00, 1.817622180020613e-01
109, 1.856071385576787e-01, 4.970688119423033e-02, 6.257200003649940e-20, 2.132190693294277e-14, 1.019765920219934e-18, 3.310710512299760e-03, 9.722267610291893e-04, 2.082545803132409e+01, 5.562538617777614e+00, 6.128574293069958e+04, 2.267902478724009e+02, 1.460959991775767e-17, 4.978337428758089e-12, 2.380996627163385e-16, 7.729999999999999e-01, 2.269999999950215e-01, 3.241976984443030e+03, 2.624553928034332e+03, 1.077170562053939e+03, 4.862424243499052e+03, 1.298767239107004e+03, 4.888991303686425e+00, 1.817874209640181e-01
110, 1.864563448972940e-01, 4.993430455176207e-02, 6.342940434772831e-20, 2.162282051331138e-14, 1.035832274369717e-18, 3.311066720110670e-03, 9.723313653925064e-04, 2.082738699279776e+01, 5.564505521269097e+00, 6.129256737821164e+04, 2.273597494320681e+02, 1.480819738937642e-17, 5.048052990074154e-12, 2.418248908197863e-16, 7.729999999999999e-01, 2.269999999949518e-01, 3.242095239341418e+03, 2.624367299315829e+03, 1.078035367131373e+03, 4.862351473513812e+03, 1.299086708768358e+03, 4.889176937557651e+00, 1.817947345046453e-01
111, 1.872983059985922e-01, 5.015978758413685e-02, 6.436156252139529e-20, 2.194487063586703e-14, 1.052979478735499e-18, 3.311321908139702e-03, 9.724063041794936e-04, 2.082870431676339e+01, 5.566233108491792e+00, 6.129753789641581e+04, 2.279528136674020e+02, 1.502466060661221e-17, 5.122843828570937e-12, 2.458091238612977e-16, 7.729999999999998e-01, 2.269999999948770e-01, 3.242098487826259e+03, 2.624167680989109e+03, 1.078947459079526e+03, 4.862284273021161e+03, 1.299389884833458e+03, 4.889375853148035e+00, 1.817949354090153e-01
112, 1.881402670998902e-01, 5.038527061651158e-02, 6.532044801295684e-20, 2.227427469745659e-14, 1.070496553111930e-18, 3.311667488667939e-03, 9.725077877236789e-04, 2.083054421338917e+01, 5.568164465949834e+00, 6.130413812377411e+04, 2.285554701239161e+02, 1.524691306926030e-17, 5.199197805954725e-12, 2.498722587298059e-16, 7.729999999999999e-01, 2.269999999948007e-01, 3.242233830808927e+03, 2.624003378460009e+03, 1.079863748901814e+03, 4.862206345307507e+03, 1.299705102311014e+03, 4.889534858497552e+00, 1.818033057718150e-01
113, 1.889822282011882e-01, 5.061075364888633e-02, 6.632372908353298e-20, 2.261864493099973e-14, 1.088809898731270e-18, 3.311936927984504e-03, 9.725869115588588e-04, 2.083193637288379e+01, 5.569887007141453e+00, 6.130934768478857e+04, 2.291716732177431e+02, 1.547983663226659e-17, 5.279150210841393e-12, 2.541262318758775e-16, 7.729999999999999e-01, 2.269999999947207e-01, 3.242275802566297e+03, 2.623823871091483e+03, 1.080808627162293e+03, 4.862135712843658e+03, 1.300001404054663e+03, 4.889710166815700e+00, 1.818059015387296e-01
114, 1.898241893024864e-01, 5.083623668126110e-02, 6.729981289070876e-20, 2.295535960102916e-14, 1.106744544907890e-18, 3.311974733274902e-03, 9.725980135002043e-04, 2.083195646458475e+01, 5.571129360552624e+00, 6.131034841601217e+04, 2.297533389434938e+02, 1.570747350269711e-17, 5.357677639662930e-12, 2.583091968119762e-16, 7.729999999999999e-01, 2.269999999946422e-01, 3.242011918971308e+03, 2.623580374502965e+03, 1.081723188223084e+03, 4.862084902200070e+03, 1.300276524588368e+03, 4.889958430652103e+00, 1.817895815095459e-01
115, 1.906661504037847e-01, 5.106171971363592e-02, 6.828924492903646e-20, 2.329595455297736e-14, 1.124883174718198e-18, 3.311975235279816e-03, 9.725981609191593e-04, 2.083178474131886e+01, 5.572143607628091e+00, 6.131065636481847e+04, 2.303311285405134e+02, 1.593840007251303e-17, 5.437170144761088e-12, 2.625426315978185e-16, 7.729999999999999e-01, 2.269999999945627e-01, 3.241713754539794e+03, 2.623338688944451e+03, 1.082634761549867e+03, 4.862044085809416e+03, 1.300513048169761e+03, 4.890204745410156e+00, 1.817711413627683e-01
116, 1.915081115050830e-01, 5.128720274601074e-02, 6.927425536900245e-20, 2.363863061680358e-14, 1.143180924431603e-18, 3.311704526816032e-03, 9.725186643841736e-04, 2.083000502866935e+01, 5.572653248548308e+00, 6.130606163539062e+04, 2.308894755028107e+02, 1.616961868627888e-17, 5.517600172004785e-12, 2.668350534989373e-16, 7.729999999999998e-01, 2.269999999944822e-01, 3.241032214760560e+03, 2.623001551030007e+03, 1.083544556126105e+03, 4.862026112770977e+03, 1.300738313532261e+03, 4.890558701898120e+00, 1.817289911522281e-01
117, 1.923500726063814e-01, 5.151268577838557e-02, 7.021894761937875e-20, 2.396603250332267e-14, 1.160647639006317e-18, 3.311731260164384e-03, 9.725265149272819e-04, 2.083000701610404e+01, 5.573656660615710e+00, 6.130683631906774e+04, 2.314317342760606e+02, 1.638999129026113e-17, 5.593975377141219e-12, 2.709098518179128e-16, 7.729999999999999e-01, 2.269999999944059e-01, 3.240778579966559e+03, 2.622775109670211e+03, 1.084395525901062e+03, 4.861987328841771e+03, 1.300962022637696e+03, 4.890789593500209e+00, 1.817133049658994e-01
118, 1.938060252885054e-01, 5.235167164821233e-02, 1.672263546189903e-09, 8.266057074036466e-08, 7.370461239049162e-09, 1.124755708955000e-02, 3.302884457230318e-03, 5.556078224436890e+01, 2.278046520350038e+01, 1.914351944363624e+05, 2.436799070226846e+03, 1.149279904350712e-07, 5.680930679288594e-06, 5.065423453817916e-07, 7.729996486205324e-01, 2.269940489784525e-01, 2.778649251643542e+04, 6.621247666822897e+03, 1.688753651027579e+03, 3.818470518534383e+03, 1.565610332760941e+03, 2.523999980459645e+00, 1.699756773308813e+00
119, 1.944200168693315e-01, 5.296517448566464e-02, 4.328221501545748e-07, 6.888740899300768e-06, 2.054212576422027e-06, 1.405019436243881e-02, 4.118419617333995e-03, 5.971184045320935e+01, 3.350885430193120e+01, 2.329473091595673e+05, 7.049206210336979e+03, 2.381023182313275e-05, 3.789605447024131e-04, 1.130054865286711e-04, 7.729234393624873e-01, 2.265607843744585e-01, 4.092647340908205e+04, 7.803453914293685e+03, 2.591235735834010e+03, 3.284842892788821e+03, 1.843375134039748e+03, 2.121547227807854e+00, 2.512406273741412e+00
120, 1.950340084501591e-01, 5.357867732311846e-02, 2.724954082595491e-06, 3.372193965745152e-05, 1.348302971954314e-05, 1.478542852221478e-02, 4.303641927289871e-03, 5.664166149916384e+01, 4.045510210357932e+01, 2.437443034753418e+05, 1.091434168594582e+04, 1.423770327338915e-04, 1.761948847918262e-03, 7.044793070065076e-04, 7.725287754892716e-01, 2.248624193230697e-01, 4.460828651166606e+04, 8.067355720010143e+03, 3.261208279025114e+03, 2.959489022173586e+03, 2.113752093381335e+03, 2.012911865420474e+00, 2.740110073537307e+00
121, 1.956480000309866e-01, 5.419218016057227e-02, 5.962299925283330e-06, 6.989339515018609e-05, 3.207043605563195e-05, 1.477348146017479e-02, 4.257549823991171e-03, 5.284753947203466e+01, 4.459781234566982e+01, 2.440807369965738e+05, 1.318042446793897e+04, 3.115268922913160e-04, 3.651891460624856e-03, 1.675662647642407e-03, 7.719062820196722e-01, 2.224546369797693e-01, 4.427120578032125e+04, 7.991440952159651e+03, 3.681507639216993e+03, 2.761254875346323e+03, 2.330211169706895e+03, 2.006939090142436e+00, 2.719263126333137e+00
122, 1.962619916118142e-01, 5.480568299802609e-02, 8.490026032923965e-06, 1.027844140023031e-04, 5.095933332629136e-05, 1.442498033828650e-02, 4.115577519207069e-03, 4.991223367523182e+01, 4.627007479020607e+01, 2.395875877447551e+05, 1.432506113932923e+04, 4.539443202113995e-04, 5.495672305557513e-03, 2.724691283103468e-03, 7.712741831806952e-01, 2.200515089104324e-01, 4.219298081422527e+04, 7.779904427359662e+03, 3.953517905148618e+03, 2.668705007272213e+03, 2.473966224051367e+03, 2.046376889119194e+00, 2.590734135744606e+00
123, 1.968759831926407e-01, 5.541918583547877e-02, 1.023773759380753e-05, 1.325890531145039e-04, 6.868404429281491e-05, 1.408505145906000e-02, 3.979441031873639e-03, 4.830502885200440e+01, 4.662373812944774e+01, 2.352273432698134e+05, 1.507754640086002e+04, 5.601737650856931e-04, 7.254816643984295e-03, 3.758154508286176e-03, 7.706855381817780e-01, 2.177413169008657e-01, 4.012313433866035e+04, 7.558279075287396e+03, 4.161197836020091e+03, 2.643084923466642e+03, 2.551090481762268e+03, 2.093614627090198e+00, 2.462723317610059e+00
124, 1.974899747734663e-01, 5.603268867293071e-02, 1.169766134789688e-05, 1.631544246519569e-04, 8.665169478176029e-05, 1.386933520769467e-02, 3.878839477595592e-03, 4.766256504360934e+01, 4.661143399949291e+01, 2.327373865360431e+05, 1.576676217431037e+04, 6.495208323643256e-04, 9.059263604251499e-03, 4.811395991605399e-03, 7.701045431667686e-01, 2.153752764050103e-01, 3.860057936216007e+04, 7.366430781820020e+03, 4.339097671909716e+03, 2.646497278305108e+03, 2.588132491499134e+03, 2.134779608662707e+00, 2.368560049707094e+00
125, 1.981039663542920e-01, 5.664619151038264e-02, 1.328853683568813e-05, 2.004904387981558e-04, 1.078164456411079e-04, 1.376972400856206e-02, 3.804334816353313e-03, 4.752646746818282e+01, 4.675471530129475e+01, 2.321393727346688e+05, 1.657064421123901e+04, 7.425566370962399e-04, 1.120330310588319e-02, 6.024727800273640e-03, 7.694451300372769e-01, 2.125842824194701e-01, 3.748067799119661e+04, 7.183849392231060e+03, 4.518038510316153e+03, 2.655754677329016e+03, 2.612629561238200e+03, 2.172931673718679e+00, 2.299299120251973e+00
126, 1.987179579351177e-01, 5.725969434783457e-02, 1.495891138276474e-05, 2.443070780797711e-04, 1.321659082687482e-04, 1.374489940325018e-02, 3.744073241084870e-03, 4.768895644525045e+01, 4.697579513334342e+01, 2.327251055446288e+05, 1.741309332072904e+04, 8.366092247841292e-04, 1.366339768795511e-02, 7.391662082242499e-03, 7.687129992452488e-01, 2.093953317597695e-01, 3.666518962478139e+04, 7.017481807538752e+03, 4.689367522304833e+03, 2.667107242067987e+03, 2.627222165070472e+03, 2.206251640691601e+00, 2.248864784084347e+00
127, 1.993319495159453e-01, 5.787319718528838e-02, 1.683858446626035e-05, 2.954813510315188e-04, 1.603849229044565e-04, 1.384143607838916e-02, 3.710621749593114e-03, 4.826437520395619e+01, 4.741491691971278e+01, 2.352284045588699e+05, 1.833510472885136e+04, 9.341917427284532e-04, 1.639307857599249e-02, 8.898032428776860e-03, 7.679122504533533e-01, 2.058624467991488e-01, 3.633682367855284e+04, 6.881550436642463e+03, 4.846602783391061e+03, 2.677670493848664e+03, 2.630543200190308e+03, 2.230339478233486e+00, 2.228556807661714e+00
128, 1.999459410967732e-01, 5.848670002274249e-02, 1.872012101347222e-05, 3.524665580129982e-04, 1.915776293256850e-04, 1.396740519434360e-02, 3.678825078316062e-03, 4.891920890015076e+01, 4.795604684709533e+01, 2.382295176694150e+05, 1.922262875700173e+04, 1.028069997505156e-03, 1.935672815129218e-02, 1.052104378818699e-02, 7.670607584731058e-01, 2.020333995899098e-01, 3.611139074663590e+04, 6.751275382837754e+03, 4.988617992860394e+03, 2.686540911553859e+03, 2.633646060672866e+03, 2.253084829962166e+00, 2.214614781337622e+00
129, 2.005599326776022e-01, 5.910020286019781e-02, 2.032254279896168e-05, 4.104456743050676e-04, 2.229394521449442e-04, 1.407533710039278e-02, 3.640588715100106e-03, 4.949172165871899e+01, 4.848205837867221e+01, 2.409189063998361e+05, 1.998160853294154e+04, 1.106311827932873e-03, 2.234370515045882e-02, 1.213630377166325e-02, 7.662285212213952e-01, 1.981851580285498e-01, 3.584222475724493e+04, 6.624328134149387e+03, 5.109695428170488e+03, 2.694213888362426e+03, 2.639250174421948e+03, 2.276447548430570e+00, 2.197968059504531e+00
130, 2.011739242584307e-01, 5.971370569765253e-02, 2.192290209879576e-05, 4.763879243812833e-04, 2.577184475179684e-04, 1.420397772064147e-02, 3.599116326648094e-03, 5.010226717767443e+01, 4.909641549020775e+01, 2.439887046054456e+05, 2.074781540325267e+04, 1.181246641841635e-03, 2.566866527767822e-02, 1.388634813490146e-02, 7.653366743001960e-01, 1.939270656453827e-01, 3.562732409484071e+04, 6.497831337149581e+03, 5.226266548297906e+03, 2.699603117578638e+03, 2.645405962354557e+03, 2.299217214621704e+00, 2.184677407305549e+00
131, 2.017879158392583e-01, 6.032720853510635e-02, 2.333506206721005e-05, 5.447151294325956e-04, 2.933306507325689e-04, 1.433615184107958e-02, 3.555911313050818e-03, 5.071511241872356e+01, 4.971368933631304e+01, 2.470871539700725e+05, 2.142113694818027e+04, 1.244308089316069e-03, 2.904613838067521e-02, 1.564142835787712e-02, 7.644543500308570e-01, 1.896137751412747e-01, 3.545655479991591e+04, 6.380321725388673e+03, 5.323779039635521e+03, 2.704309268663386e+03, 2.650909845997088e+03, 2.320392325214732e+00, 2.174116084321623e+00
132, 2.024019074200850e-01, 6.094071137255926e-02, 2.461050452813785e-05, 6.170066838641797e-04, 3.305641653815399e-04, 1.446809994954305e-02, 3.507993187948569e-03, 5.130888222776147e+01, 5.034138287220794e+01, 2.501767158093493e+05, 2.201482111611081e+04, 1.298825628659880e-03, 3.256268448869048e-02, 1.744560780634242e-02, 7.635576503925126e-01, 1.851352316837946e-01, 3.530235409334509e+04, 6.267586727628108e+03, 5.406387125558340e+03, 2.707839294359661e+03, 2.656779270081487e+03, 2.340748236722066e+00, 2.164579454992789e+00
133, 2.030158990009110e-01, 6.155421421001157e-02, 2.564857027042611e-05, 6.880835835527349e-04, 3.671151342162725e-04, 1.459299489622087e-02, 3.459419144035092e-03, 5.187379824561260e+01, 5.093313481189989e+01, 2.530930138166665e+05, 2.249133917622606e+04, 1.340522654781048e-03, 3.596269197113595e-02, 1.918727434477472e-02, 7.627029519865434e-01, 1.808065590427649e-01, 3.517311040086210e+04, 6.165684463007571e+03, 5.468801562772706e+03, 2.711184327415137e+03, 2.662020548299153e+03, 2.359406588246920e+00, 2.156586306221230e+00
134, 2.036298905817386e-01, 6.216771704746538e-02, 2.655708834498185e-05, 7.608537383487655e-04, 4.044490694027664e-04, 1.471888307360586e-02, 3.409095322251867e-03, 5.242896194978464e+01, 5.152885412614958e+01, 2.560042506496993e+05, 2.289315415026798e+04, 1.374601999440211e-03, 3.938199310216917e-02, 2.093439206327102e-02, 7.618533266779749e-01, 1.764556861571449e-01, 3.507288509688163e+04, 6.070446319388933e+03, 5.517278244818670e+03, 2.713737100564590e+03, 2.667147278743467e+03, 2.376822602098395e+00, 2.150387815989329e+00
135, 2.042438821625666e-01, 6.278121988491957e-02, 2.728375125801190e-05, 8.305855061438045e-04, 4.405059775110822e-04, 1.484233203122534e-02, 3.361546042656553e-03, 5.297264694697151e+01, 5.209732002045749e+01, 2.588117645883913e+05, 2.320533134759442e+04, 1.399005070132483e-03, 4.258920715429541e-02, 2.258744005301328e-02, 7.610572889304027e-01, 1.723670587921561e-01, 3.501367783740369e+04, 5.986686654350707e+03, 5.549573359471844e+03, 2.716232124986440e+03, 2.671348751119110e+03, 2.392224856327751e+00, 2.146726109763892e+00
136, 2.048578737433964e-01, 6.339472272237563e-02, 2.793086202443615e-05, 9.007444852705429e-04, 4.769853372816960e-04, 1.496920651635798e-02, 3.314384790581886e-03, 5.351536490528578e+01, 5.267590183143950e+01, 2.616527619912584e+05, 2.346475903360250e+04, 1.418584212161571e-03, 4.574802971990222e-02, 2.422567081203559e-02, 7.602729917219672e-01, 1.683347235339334e-01, 3.499004568017115e+04, 5.909537478306141e+03, 5.571399378853709e+03, 2.717998882250265e+03, 2.675363282167134e+03, 2.406281690266817e+00, 2.145264565723146e+00
137, 2.054718653242259e-01, 6.400822555983141e-02, 2.845395900494532e-05, 9.669179483407229e-04, 5.119018627290311e-04, 1.509420258394568e-02, 3.271240096787599e-03, 5.404716307914917e+01, 5.323214855834787e+01, 2.644038688799149e+05, 2.366257377510318e+04, 1.431810244733223e-03, 4.865554997144893e-02, 2.575902816286690e-02, 7.595440020144797e-01, 1.646096096064712e-01, 3.500305661252586e+04, 5.842404127554516e+03, 5.582078456139702e+03, 2.719666594797700e+03, 2.678654862817386e+03, 2.418525746644985e+00, 2.146069234144250e+00
138, 2.060858569050542e-01, 6.462172839728597e-02, 2.896308058182754e-05, 1.033619907620125e-03, 5.473124122611527e-04, 1.522448899471054e-02, 3.228920675065723e-03, 5.456619743168859e+01, 5.382115107632673e+01, 2.672266912324415e+05, 2.383443306648447e+04, 1.443584717494503e-03, 5.151792807822730e-02, 2.727927479271603e-02, 7.588225838869180e-01, 1.609366285246441e-01, 3.505168631936195e+04, 5.780616925350371e+03, 5.586760534084573e+03, 2.719701327406351e+03, 2.682566550620894e+03, 2.429472849353078e+00, 2.149076765684014e+00
139, 2.066998484858817e-01, 6.523523123473965e-02, 2.935448012194862e-05, 1.097172617245919e-03, 5.815280254492591e-04, 1.534188185364689e-02, 3.186402943119360e-03, 5.502657969531904e+01, 5.438056099797544e+01, 2.698007269971890e+05, 2.394666162479518e+04, 1.450582478778256e-03, 5.421793771037363e-02, 2.873681840491794e-02, 7.581352119312862e-01, 1.574594494746440e-01, 3.508463346877100e+04, 5.723250914124560e+03, 5.584217719852263e+03, 2.719196253570934e+03, 2.687272560852251e+03, 2.440002309598772e+00, 2.151114400649139e+00
140, 2.073138400667077e-01, 6.584873407219195e-02, 2.952808517042304e-05, 1.152889574317115e-03, 6.126720633211769e-04, 1.543584752875762e-02, 3.145994083236773e-03, 5.544499109549942e+01, 5.483441255631499e+01, 2.719265830602154e+05, 2.397615736121661e+04, 1.449093815219864e-03, 5.657817437643411e-02, 3.006694449005448e-02, 7.575158042758734e-01, 1.543899830424182e-01, 3.507696006515964e+04, 5.671047367041926e+03, 5.572687236072225e+03, 2.720968637745824e+03, 2.691004433167995e+03, 2.450642789960731e+00, 2.150639834691827e+00
141, 2.079278316475338e-01, 6.646223690964426e-02, 2.968469658702622e-05, 1.205433882503031e-03, 6.426967074573400e-04, 1.553796810423864e-02, 3.111591078828503e-03, 5.588447105326639e+01, 5.530052304138187e+01, 2.741504589416412e+05, 2.400745172499350e+04, 1.446102940781186e-03, 5.872323731840933e-02, 3.130925040650893e-02, 7.569388928544455e-01, 1.515825164798551e-01, 3.511969512073555e+04, 5.626029266383319e+03, 5.558704226579086e+03, 2.722436380550707e+03, 2.693989098471408e+03, 2.459669612231279e+00, 2.153282808212751e+00
142, 2.085418232283599e-01, 6.707573974709657e-02, 2.985354584620261e-05, 1.257786616280912e-03, 6.727971410158021e-04, 1.564202378139766e-02, 3.077921484504282e-03, 5.631401174007969e+01, 5.577645543596628e+01, 2.763954271485405e+05, 2.403727185284575e+04, 1.443568355011405e-03, 6.082027796543824e-02, 3.253310903555862e-02, 7.563701362474409e-01, 1.488329083965510e-01, 3.517998219885356e+04, 5.583998558282538e+03, 5.544024393091874e+03, 2.723064312377497e+03, 2.697070774670025e+03, 2.467872904721339e+00, 2.157011296428633e+00
143, 2.091558148091877e-01, 6.768924258455068e-02, 2.991223472862222e-05, 1.306156022300845e-03, 7.014332998110931e-04, 1.573148210023939e-02, 3.044496228786453e-03, 5.671772583969955e+01, 5.618765447397225e+01, 2.783718300721226e+05, 2.402637433208854e+04, 1.437156827817842e-03, 6.275529269796941e-02, 3.370091419875483e-02, 7.558314220642175e-01, 1.462752142112405e-01, 3.520885412128828e+04, 5.543728816736076e+03, 5.525874339697802e+03, 2.725047716706627e+03, 2.699580021317196e+03, 2.476362113219184e+00, 2.158796896692043e+00
144, 2.097698063900161e-01, 6.830274542200525e-02, 2.994734120959286e-05, 1.351965964735479e-03, 7.291068862805293e-04, 1.582072427242856e-02, 3.013941336889318e-03, 5.712374296507628e+01, 5.658505902483027e+01, 2.803199626004764e+05, 2.401061849688995e+04, 1.429761789293433e-03, 6.454627351642281e-02, 3.480940625142012e-02, 7.553213784607968e-01, 1.438931799820669e-01, 3.525256638389562e+04, 5.507217625067438e+03, 5.506644753016947e+03, 2.727231922903515e+03, 2.701513789568090e+03, 2.484119435220289e+00, 2.161500306130828e+00
145, 2.103837979708436e-01, 6.891624825945906e-02, 3.000335678587227e-05, 1.396600279018875e-03, 7.562983882818798e-04, 1.591297182205822e-02, 2.985641741548593e-03, 5.753469715977248e+01, 5.698112441593727e+01, 2.822992085728783e+05, 2.400164276553132e+04, 1.423206821211045e-03, 6.624762215076015e-02, 3.587495335123710e-02, 7.548305412798492e-01, 1.416236763969424e-01, 3.531976327007946e+04, 5.474280284398752e+03, 5.487681040916669e+03, 2.729153742312482e+03, 2.702895063635776e+03, 2.490886773846797e+00, 2.165656135308515e+00
146, 2.109977895516708e-01, 6.952975109691242e-02, 3.010875290345366e-05, 1.443957554423403e-03, 7.850255430652610e-04, 1.600946206952438e-02, 2.955271290341807e-03, 5.794410629848814e+01, 5.740111333368544e+01, 2.843633145032876e+05, 2.399296267634447e+04, 1.418629893771502e-03, 6.803474586312942e-02, 3.698793856848329e-02, 7.543155821782013e-01, 1.392431034964144e-01, 3.539972690688846e+04, 5.441652493924789e+03, 5.468254998059799e+03, 2.730144341298169e+03, 2.704560217822621e+03, 2.497233682734906e+00, 2.170601531351060e+00
147, 2.116117811324961e-01, 7.014325393436399e-02, 3.018669107694382e-05, 1.488809892575888e-03, 8.126260067207042e-04, 1.610002469578575e-02, 2.926103312472792e-03, 5.832861560321605e+01, 5.779913389722737e+01, 2.863054803750141e+05, 2.397240701643195e+04, 1.413383443052154e-03, 6.970817856966841e-02, 3.804829553411637e-02, 7.538258592090182e-01, 1.370042832441447e-01, 3.547531179800472e+04, 5.411427051579930e+03, 5.448149480654552e+03, 2.731028032837497e+03, 2.706236952730841e+03, 2.503194177820459e+00, 2.175276121406229e+00
148, 2.122257727133214e-01, 7.075675677181555e-02, 3.025317486832821e-05, 1.533518741212907e-03, 8.403889251674452e-04, 1.618589227652347e-02, 2.895632355899100e-03, 5.869014194620833e+01, 5.818871227027113e+01, 2.881676422770378e+05, 2.393746721903629e+04, 1.408061888711939e-03, 7.137397329454975e-02, 3.911389870233673e-02, 7.533337624418734e-01, 1.347703036725281e-01, 3.554064620447783e+04, 5.381550871820719e+03, 5.427009068789576e+03, 2.731592716375177e+03, 2.708254867715349e+03, 2.509148006160803e+00, 2.179316764479854e+00
149, 2.128397642941467e-01, 7.137025960926710e-02, 3.027427796321238e-05, 1.574488872789220e-03, 8.663683344979067e-04, 1.626419445944436e-02, 2.867371620312155e-03, 5.902624197986829e+01, 5.854674006738227e+01, 2.898735440948444e+05, 2.389265875982688e+04, 1.401411924233582e-03, 7.288390109852098e-02, 4.010463655711655e-02, 7.528779408452178e-01, 1.327321095749111e-01, 3.559767551885740e+04, 5.354190290432657e+03, 5.405732334504101e+03, 2.732355151584494e+03, 2.710158761015997e+03, 2.514811712940730e+00, 2.182843774467099e+00
150, 2.134537558749734e-01, 7.198376244672000e-02, 3.032255789193434e-05, 1.617069201882969e-03, 8.933001239145569e-04, 1.634314230294670e-02, 2.837321011437954e-03, 5.934314733113143e+01, 5.892386291753902e+01, 2.915978354194511e+05, 2.384433109734231e+04, 1.395991954176676e-03, 7.444674038452363e-02, 4.112581102471753e-02, 7.524066815928716e-01, 1.306247750437105e-01, 3.565809419127462e+04, 5.327027874826427e+03, 5.384095452819633e+03, 2.732043797394028e+03, 2.712740753436698e+03, 2.520218699740843e+00, 2.186580401206345e+00
151, 2.140677474558010e-01, 7.259726528417382e-02, 3.040627754232012e-05, 1.659905165251072e-03, 9.201870603697667e-04, 1.642789130095608e-02, 2.808746516138250e-03, 5.966556397105568e+01, 5.932790325751822e+01, 2.934165484040768e+05, 2.380872121121061e+04, 1.391774056635801e-03, 7.597815754515823e-02, 4.211934447063136e-02, 7.519471229610775e-01, 1.285636009664971e-01, 3.573744182440008e+04, 5.301271570708099e+03, 5.363278000539542e+03, 2.731047360002579e+03, 2.715591754810773e+03, 2.525183196772145e+00, 2.191487700155006e+00
152, 2.146817390366291e-01, 7.321076812162823e-02, 3.043368554138653e-05, 1.707963006167229e-03, 9.499387678603418e-04, 1.647908531861239e-02, 2.763945007124419e-03, 5.992420179532392e+01, 5.957904418236065e+01, 2.947092642540021e+05, 2.369131668566899e+04, 1.387678534903531e-03, 7.787763985549778e-02, 4.331416370323868e-02, 7.513934827375659e-01, 1.260270351687941e-01, 3.571374650462773e+04, 5.269003028416136e+03, 5.338509275463176e+03, 2.732351572717542e+03, 2.716613491635765e+03, 2.531493947316657e+00, 2.190022249791501e+00
153, 2.152957306174574e-01, 7.382427095908280e-02, 3.028844615573998e-05, 1.735998328474998e-03, 9.698628757595462e-04, 1.653082759611961e-02, 2.743169281049322e-03, 6.017450982619717e+01, 5.982984295952635e+01, 2.958743335169705e+05, 2.361377580746353e+04, 1.376112881293879e-03, 7.887263841253080e-02, 4.406435343559241e-02, 7.510548635112958e-01, 1.246320317592871e-01, 3.573560605858796e+04, 5.249024553280697e+03, 5.316952241808320e+03, 2.733944081237797e+03, 2.718284627710795e+03, 2.536534013503961e+00, 2.191374166187011e+00
154, 2.159097221982835e-01, 7.443777379653511e-02, 3.023627341702718e-05, 1.769301576130361e-03, 9.923162070441310e-04, 1.659780596195395e-02, 2.720625315975114e-03, 6.044604999522257e+01, 6.015938146723352e+01, 2.973294290796481e+05, 2.356067602440375e+04, 1.367520724385206e-03, 8.002165279015945e-02, 4.488029855927896e-02, 7.506825764948384e-01, 1.230479514313380e-01, 3.578922483745519e+04, 5.228088380584159e+03, 5.296533273815631e+03, 2.733843054519459e+03, 2.720877662004082e+03, 2.541265450167891e+00, 2.194690249689434e+00
155, 2.165237137791095e-01, 7.505127663398728e-02, 3.015252561645505e-05, 1.808970565830749e-03, 1.018270493419227e-03, 1.663614130871057e-02, 2.681908179974124e-03, 6.065847429557630e+01, 6.036393091900789e+01, 2.983488947695725e+05, 2.343331462961177e+04, 1.359725959767553e-03, 8.157539670484988e-02, 4.591883418256152e-02, 7.502055879349111e-01, 1.209404552179101e-01, 3.575144065863500e+04, 5.200481114020329e+03, 5.272184685442862e+03, 2.735389506959807e+03, 2.722107094717064e+03, 2.547260883769288e+00, 2.192353465922902e+00
156, 2.171377053599348e-01, 7.566477947143883e-02, 2.992476093424263e-05, 1.829480883306247e-03, 1.034274822598022e-03, 1.667228238635006e-02, 2.665604483178399e-03, 6.084938619143178e+01, 6.055990666503048e+01, 2.991987780792264e+05, 2.335340243588942e+04, 1.346048188212575e-03, 8.229203346871256e-02, 4.652280277630849e-02, 7.499373361354109e-01, 1.199017794313555e-01, 3.574713842577132e+04, 5.183682410223832e+03, 5.253142587209119e+03, 2.737071357622762e+03, 2.724050254700893e+03, 2.552153851141542e+00, 2.192087391914425e+00
157, 2.177516969407601e-01, 7.627828230889039e-02, 2.979688840374539e-05, 1.857094167808139e-03, 1.053714464283940e-03, 1.671879032337475e-02, 2.643910682260084e-03, 6.105091001105506e+01, 6.081335227955601e+01, 3.002678567669022e+05, 2.328103060030496e+04, 1.335985243660406e-03, 8.326541921631030e-02, 4.724476449486998e-02, 7.496103908981808e-01, 1.185434401469784e-01, 3.575889890256688e+04, 5.164547584653161e+03, 5.233964000309206e+03, 2.737303096270838e+03, 2.726651862507776e+03, 2.556929950453144e+00, 2.192814725208958e+00
158, 2.183656885215854e-01, 7.689178514634194e-02, 2.961580939061841e-05, 1.889797747889193e-03, 1.076023265045735e-03, 1.673569115403511e-02, 2.607279960112912e-03, 6.118403788317720e+01, 6.094854583818569e+01, 3.008794575367239e+05, 2.313317769921111e+04, 1.325779772436803e-03, 8.459858702837907e-02, 4.816920114028502e-02, 7.491890738869315e-01, 1.167173581719677e-01, 3.567614406969774e+04, 5.138815074782423e+03, 5.210537671146216e+03, 2.738961436158460e+03, 2.728419411603209e+03, 2.563181072551137e+00, 2.187696706077963e+00
159, 2.189796801024116e-01, 7.750528798379440e-02, 2.921518271611323e-05, 1.899384285981077e-03, 1.085993714095225e-03, 1.673737370002329e-02, 2.594120323936278e-03, 6.126332016657757e+01, 6.102781921251358e+01, 3.010820230632859e+05, 2.302240018977158e+04, 1.307395896463060e-03, 8.499851756629537e-02, 4.859883092942941e-02, 7.490069086889631e-01, 1.160883469188490e-01, 3.558927619875218e+04, 5.122917918998897e+03, 5.193253611339876e+03, 2.741568114352769e+03, 2.731029313895889e+03, 2.569101874946627e+00, 2.182324313796399e+00
160, 2.195936716832384e-01, 7.811879082124745e-02, 2.883493825840126e-05, 1.913145194197486e-03, 1.097910569312693e-03, 1.673034152186973e-02, 2.573462107088950e-03, 6.129888234385396e+01, 6.109220548601403e+01, 3.011639846509109e+05, 2.288734225724200e+04, 1.290517934572135e-03, 8.562349474887468e-02, 4.913737867434195e-02, 7.487723952104914e-01, 1.151762134317198e-01, 3.547126298952716e+04, 5.103893463623638e+03, 5.174748254184272e+03, 2.743453317813929e+03, 2.734203421410015e+03, 2.575459035471344e+00, 2.175025720571287e+00
161, 2.202076632640656e-01, 7.873229365870087e-02, 2.842440698232112e-05, 1.925368835323653e-03, 1.108663171545611e-03, 1.670774013910203e-02, 2.550221384280113e-03, 6.127637697999161e+01, 6.110526802143480e+01, 3.009693442422032e+05, 2.273027959858323e+04, 1.273471091009683e-03, 8.626042938523369e-02, 4.967035898087727e-02, 7.485406494665617e-01, 1.142550910763176e-01, 3.531521589007765e+04, 5.084116770466348e+03, 5.156137092577806e+03, 2.745305986308331e+03, 2.737639957874725e+03, 2.582131592756128e+00, 2.165374900037556e+00
162, 2.208279426328603e-01, 7.935207927898044e-02, 2.790048800360604e-05, 1.934080905084946e-03, 1.117451714229631e-03, 1.665796447416440e-02, 2.523256920580206e-03, 6.116808783738195e+01, 6.103105128158909e+01, 3.003003470120402e+05, 2.252776000754121e+04, 1.253354343243620e-03, 8.688338004193560e-02, 5.019851119499125e-02, 7.483142273566479e-01, 1.133505270631817e-01, 3.508380343414222e+04, 5.061825992433441e+03, 5.135972058162974e+03, 2.747811742539456e+03, 2.741655744036350e+03, 2.590086886117359e+00, 2.151063066691204e+00
163, 2.214867247063483e-01, 8.001033695541925e-02, 2.715601382596179e-05, 1.929837629919223e-03, 1.118895336908906e-03, 1.656228977561946e-02, 2.498613783627136e-03, 6.088836537368109e+01, 6.082945557309225e+01, 2.987806502897130e+05, 2.227391119640232e+04, 1.226736609516223e-03, 8.717783420704546e-02, 5.054460057355382e-02, 7.481792922694918e-01, 1.128715363403928e-01, 3.473736729193553e+04, 5.038775263095896e+03, 5.116244302536636e+03, 2.750550481237615e+03, 2.747889309774646e+03, 2.599892530721525e+00, 2.129637528846349e+00
164, 2.222033280383830e-01, 8.072636986411090e-02, 2.634909738153459e-05, 1.926140075923149e-03, 1.120401573141936e-03, 1.644682257827745e-02, 2.467569499631971e-03, 6.054512673840620e+01, 6.055744746206714e+01, 2.969276477495208e+05, 2.197719573786091e+04, 1.198378971700261e-03, 8.760246053639241e-02, 5.095679998716485e-02, 7.480152372469945e-01, 1.122271232577480e-01, 3.433782200489539e+04, 5.013047995552924e+03, 5.094005364272098e+03, 2.753642968167871e+03, 2.754203324977730e+03, 2.610486830638614e+00, 2.104927426102206e+00
165, 2.229759888227050e-01, 8.149841560280313e-02, 2.522214539620044e-05, 1.906401133773573e-03, 1.112884530742840e-03, 1.625246646275242e-02, 2.432880368048065e-03, 5.988642455404974e+01, 6.008131744213694e+01, 2.936481544404536e+05, 2.157065938243496e+04, 1.160713949229286e-03, 8.773188616741762e-02, 5.121454096879860e-02, 7.479325900460359e-01, 1.119602688685186e-01, 3.373884297776105e+04, 4.983595073892063e+03, 5.069543631408716e+03, 2.755951456842532e+03, 2.764920356603235e+03, 2.624267862983609e+00, 2.067883231658764e+00
166, 2.238153296764035e-01, 8.233708833287685e-02, 2.389469243750140e-05, 1.879002798198423e-03, 1.100647964863275e-03, 1.598936906767041e-02, 2.387474636494897e-03, 5.904166336259883e+01, 5.932927568123168e+01, 2.891592338525693e+05, 2.105549062032155e+04, 1.117598574051229e-03, 8.788440585278420e-02, 5.147932325477590e-02, 7.478521063515249e-01, 1.116665659668638e-01, 3.296263609776750e+04, 4.948098207236791e+03, 5.041498343756859e+03, 2.761486842998385e+03, 2.774938998451919e+03, 2.640947802643639e+00, 2.019878281087481e+00
167, 2.247263668430166e-01, 8.324740030489064e-02, 2.243201055210836e-05, 1.852903301882185e-03, 1.088705239885806e-03, 1.567323117719058e-02, 2.325038028231184e-03, 5.793753164936264e+01, 5.848117039376690e+01, 2.837815135707270e+05, 2.042552939032725e+04, 1.070111586526084e-03, 8.839213442105850e-02, 5.193632059004002e-02, 7.476862692290908e-01, 1.109151641732846e-01, 3.204147576853526e+04, 4.903894829223437e+03, 5.005733739329291e+03, 2.763890636048109e+03, 2.789824741148501e+03, 2.660508117867229e+00, 1.962908603012239e+00
168, 2.257133683504263e-01, 8.423361614933411e-02, 2.079284182107958e-05, 1.812523808248526e-03, 1.067726317989898e-03, 1.525950985389418e-02, 2.251752602467319e-03, 5.657667489991815e+01, 5.721842643789606e+01, 2.766579324797146e+05, 1.966993077535759e+04, 1.018642499646479e-03, 8.879564412553063e-02, 5.230797285212505e-02, 7.475642528667003e-01, 1.103134876559976e-01, 3.087856483140704e+04, 4.851857505797115e+03, 4.968112392469559e+03, 2.771694510911570e+03, 2.803133955140644e+03, 2.684442787903780e+00, 1.890987722774603e+00
169, 2.267846657386780e-01, 8.530406077426431e-02, 1.897387233033755e-05, 1.773721740826818e-03, 1.047780343469332e-03, 1.482090445545124e-02, 2.169120289438481e-03, 5.499489108968294e+01, 5.600467118456536e+01, 2.691119465157198e+05, 1.882453951000950e+04, 9.568024840082244e-04, 8.944412284512826e-02, 5.283680726171579e-02, 7.473792355791630e-01, 1.093830318299847e-01, 2.965894676974662e+04, 4.794639335991515e+03, 4.918290302526446e+03, 2.773247731736704e+03, 2.824168286395478e+03, 2.710617430515609e+00, 1.815559758561842e+00
170, 2.279497513631443e-01, 8.646821897904511e-02, 1.682084922643261e-05, 1.704515910890821e-03, 1.009777056951510e-03, 1.419702089325284e-02, 2.069537617762981e-03, 5.275239433901355e+01, 5.412283511656391e+01, 2.581921156529542e+05, 1.774788067334204e+04, 8.854163255340526e-04, 8.972235553147241e-02, 5.315267257551014e-02, 7.473031773616362e-01, 1.089363782058472e-01, 2.803119344243555e+04, 4.729377125899296e+03, 4.864073749075132e+03, 2.776781988234884e+03, 2.848919287683112e+03, 2.742881861043447e+00, 1.714890439551866e+00
171, 2.292163017824567e-01, 8.773376121169130e-02, 1.478373823336114e-05, 1.625280403887308e-03, 9.650714842548022e-04, 1.354079659505238e-02, 1.973176392813992e-03, 5.048631593067837e+01, 5.201774530707566e+01, 2.466484227362918e+05, 1.667333088382671e+04, 8.159197313791108e-04, 8.969979917278145e-02, 5.326263586147080e-02, 7.473213436343742e-01, 1.089003015999943e-01, 2.633824299119129e+04, 4.659610289863073e+03, 4.812280995846010e+03, 2.786357596587036e+03, 2.870877724425641e+03, 2.779056568545381e+00, 1.610188967784072e+00
172, 2.305933958106166e-01, 8.910975905937840e-02, 1.289139969974592e-05, 1.550882929683044e-03, 9.230725130093240e-04, 1.288662147024758e-02, 1.871549258017628e-03, 4.819412928464150e+01, 4.984984976508054e+01, 2.350883079853873e+05, 1.558865208350510e+04, 7.475434366434534e-04, 8.993223250302142e-02, 5.352691055415024e-02, 7.472663578014775e-01, 1.085269557047074e-01, 2.472910065497626e+04, 4.596089563109149e+03, 4.753206288148092e+03, 2.794669769814824e+03, 2.890681297414324e+03, 2.811965386220023e+00, 1.510670655974206e+00
173, 2.320911820755517e-01, 9.060635307162615e-02, 1.120231355246265e-05, 1.478348649183159e-03, 8.817897348834964e-04, 1.225812138813725e-02, 1.775374674833851e-03, 4.598481387635557e+01, 4.775392967217497e+01, 2.239642379818873e+05, 1.456058912109829e+04, 6.828665055280686e-04, 9.011663271984732e-02, 5.375181403827458e-02, 7.472260508916044e-01, 1.082226358447456e-01, 2.319481296376292e+04, 4.531299744264898e+03, 4.693370481711261e+03, 2.803125355494309e+03, 2.910966464896226e+03, 2.846252803919730e+00, 1.415781771738296e+00
174, 2.337207809418026e-01, 9.223465476105469e-02, 9.681012381580800e-06, 1.398809412254207e-03, 8.356971879218659e-04, 1.157943549443614e-02, 1.673421972808865e-03, 4.386117970627793e+01, 4.520926703814370e+01, 2.119413980171001e+05, 1.351446873602426e+04, 6.247005368912613e-04, 9.026297626747432e-02, 5.392622810467478e-02, 7.472028012312909e-01, 1.079832938596688e-01, 2.154065427539579e+04, 4.454356046971046e+03, 4.636422873868079e+03, 2.830293096549247e+03, 2.917283056565736e+03, 2.887250626552734e+00, 1.313479398339104e+00
175, 2.354945224501510e-01, 9.400698435361138e-02, 8.697347278746719e-06, 1.353744791127871e-03, 8.106220418728424e-04, 1.119485641174027e-02, 1.615194730046795e-03, 4.233364675946051e+01, 4.398049409597680e+01, 2.050295046384048e+05, 1.286690126125379e+04, 5.804765625702433e-04, 9.035135631200344e-02, 5.410236953052022e-02, 7.471648032537624e-01, 1.078009943411436e-01, 2.070956349469110e+04, 4.429248681961200e+03, 4.587346252147219e+03, 2.825423541732556e+03, 2.935337087822058e+03, 2.902203453815618e+00, 1.262080122094208e+00
176, 2.374251109405689e-01, 9.593603607648776e-02, 7.771515815254995e-06, 1.293951978483123e-03, 7.763518269644085e-04, 1.069724527197973e-02, 1.542161948610346e-03, 4.048231433775897e+01, 4.227183346234097e+01, 1.961095381274975e+05, 1.212878740296472e+04, 5.427990425367940e-04, 9.037566308885958e-02, 5.422404565152968e-02, 7.471456829585470e-01, 1.077118092585270e-01, 1.960095315129223e+04, 4.387110199557586e+03, 4.544165689920688e+03, 2.827474328634318e+03, 2.952462720926809e+03, 2.925994870940345e+00, 1.193517492582191e+00
177, 2.395243380547313e-01, 9.803359218509550e-02, 6.934744843774405e-06, 1.240138812131511e-03, 7.454940842061182e-04, 1.021181044498158e-02, 1.465399616591076e-03, 3.878037199697336e+01, 4.046256251864637e+01, 1.874019789829425e+05, 1.139769524519753e+04, 5.073048731712188e-04, 9.072121281691795e-02, 5.453593324022546e-02, 7.470355895344371e-01, 1.071999595352483e-01, 1.855004193367080e+04, 4.347515873899363e+03, 4.495828100119095e+03, 2.836942402447426e+03, 2.960001501011559e+03, 2.947449986469883e+00, 1.128523297919625e+00
178, 2.418089104840787e-01, 1.003163460721834e-01, 6.269502937894008e-06, 1.186020761172794e-03, 7.138655901006452e-04, 9.727642765454843e-03, 1.389669966623478e-03, 3.717510113501125e+01, 3.858899710049594e+01, 1.787479395261263e+05, 1.072212640639879e+04, 4.814003962426855e-04, 9.106796344726220e-02, 5.481378369908006e-02, 7.469317947828074e-01, 1.067050576746076e-01, 1.746663930714866e+04, 4.295619157108291e+03, 4.458019802082708e+03, 2.854470058318183e+03, 2.963035296228240e+03, 2.975081172174560e+00, 1.061519653819710e+00
179, 2.442914626757913e-01, 1.027969221277867e-01, 5.922430028698326e-06, 1.169580764675816e-03, 7.052812632511594e-04, 9.520394626383828e-03, 1.348547802646688e-03, 3.641519440322111e+01, 3.775144783708055e+01, 1.749841550024503e+05, 1.036492869150574e+04, 4.645142661638836e-04, 9.173378967588881e-02, 5.531736244256723e-02, 7.467136128305163e-01, 1.057707207848639e-01, 1.710616830841505e+04, 4.294981792635405e+03, 4.422000574065966e+03, 2.856154859316286e+03, 2.960961295226954e+03, 2.974079526973224e+00, 1.039226122388074e+00
180, 2.469890960540022e-01, 1.054924081631355e-01, 5.747818220672519e-06, 1.148551114153795e-03, 6.938727817777546e-04, 9.228076883961432e-03, 1.288203027152595e-03, 3.535509558957667e+01, 3.651425699118771e+01, 1.696857314597830e+05, 9.963790273997161e+03, 4.648664085455346e-04, 9.289139130171999e-02, 5.611836277153240e-02, 7.463393576714908e-01, 1.041860218467113e-01, 1.659994597564773e+04, 4.293615683823517e+03, 4.399952911702345e+03, 2.859414769137839e+03, 2.953164288869256e+03, 2.970370161939863e+00, 1.007918517819075e+00
181, 2.499159038598824e-01, 1.084168862010416e-01, 5.737356473442782e-06, 1.139268125392905e-03, 6.889796476655117e-04, 9.005887204732001e-03, 1.234172781389841e-03, 3.454350053548517e+01, 3.553552121188913e+01, 1.656741669400584e+05, 9.670065943988198e+03, 4.751809702950705e-04, 9.435678883755966e-02, 5.706286841451889e-02, 7.458881525178410e-01, 1.022170092597854e-01, 1.623617910062733e+04, 4.295261596728193e+03, 4.387176173698321e+03, 2.860971630021523e+03, 2.943133048742563e+03, 2.963136651233806e+00, 9.854211510668384e-01
182, 2.530862646014175e-01, 1.115847233040559e-01, 5.864799189044611e-06, 1.140267920666403e-03, 6.896817270168995e-04, 8.829815704313527e-03, 1.181226956043035e-03, 3.393723580907348e+01, 3.465663838959950e+01, 1.625022133956804e+05, 9.447872053007306e+03, 4.950510617255552e-04, 9.625066887745408e-02, 5.821642995896845e-02, 7.453298055672171e-01, 9.970804453463476e-02, 1.598526575714951e+04, 4.303135406589988e+03, 4.381870103569054e+03, 2.864661530218433e+03, 2.925386714460508e+03, 2.950223552373062e+00, 9.699032743747011e-01
183, 2.565131612903392e-01, 1.150088921493043e-01, 6.293149498316646e-06, 1.162192089454827e-03, 7.022076963738424e-04, 8.777687536106311e-03, 1.139158709576634e-03, 3.370550352984796e+01, 3.421159109659516e+01, 1.615286754794114e+05, 9.401941511301704e+03, 5.338815338535708e-04, 9.859497148710664e-02, 5.957203497614832e-02, 7.446581853358690e-01, 9.664092666702240e-02, 1.606510612785270e+04, 4.337804551568319e+03, 4.391618943655017e+03, 2.859418154397188e+03, 2.902352269735063e+03, 2.920410264553388e+00, 9.748410469556807e-01
184, 2.602050217499423e-01, 1.186978138514507e-01, 6.928798209231613e-06, 1.190655248863266e-03, 7.164114233771808e-04, 8.712238774894668e-03, 1.086036006109445e-03, 3.339326562770793e+01, 3.370525616723473e+01, 1.603385113504367e+05, 9.363532335595186e+03, 5.915845570905924e-04, 1.016587923007903e-01, 6.116759671663621e-02, 7.438556819343592e-01, 9.272634449112377e-02, 1.612125121925421e+04, 4.369628874093763e+03, 4.410832891365737e+03, 2.851135169423108e+03, 2.877773091263075e+03, 2.888494270142810e+00, 9.783133716760849e-01
185, 2.641637952742093e-01, 1.226534361528205e-01, 7.463600284034964e-06, 1.221983183842733e-03, 7.320733179003286e-04, 8.692011980649110e-03, 1.042721225976071e-03, 3.327296277288405e+01, 3.339986642621873e+01, 1.599865533173577e+05, 9.356461513033453e+03, 6.381188990250221e-04, 1.044764636671107e-01, 6.259041238092707e-02, 7.431449842334735e-01, 8.915002081946360e-02, 1.623189430116085e+04, 4.395235090928098e+03, 4.423997677909675e+03, 2.844753947682584e+03, 2.855603888256358e+03, 2.861503638507306e+00, 9.851561552366054e-01
186, 2.683768577374415e-01, 1.268631449766438e-01, 8.560101459032818e-06, 1.272089141906655e-03, 7.544807345145939e-04, 8.703027842719008e-03, 9.872960510387155e-04, 3.318081737209047e+01, 3.311226645991606e+01, 1.601546857785948e+05, 9.436613958856946e+03, 7.300443592838937e-04, 1.084895438447491e-01, 6.434554625979655e-02, 7.422337709050426e-01, 8.420109463112779e-02, 1.650370425080883e+04, 4.442650596930809e+03, 4.458725289452587e+03, 2.829810916944508e+03, 2.823964583580797e+03, 2.817033782979161e+00, 1.001966394277185e+00
187, 2.727793361934920e-01, 1.312621190162810e-01, 9.855364351435580e-06, 1.329214907325006e-03, 7.775654961834063e-04, 8.721862473460929e-03, 9.269371916622571e-04, 3.307012694722017e+01, 3.287757171697067e+01, 1.604758428862502e+05, 9.523695396328578e+03, 8.376540254351495e-04, 1.129762612609055e-01, 6.608896887943404e-02, 7.413123401289679e-01, 7.878477570525746e-02, 1.678491855967990e+04, 4.486036850176093e+03, 4.494997277892494e+03, 2.810786488574141e+03, 2.794420308899254e+03, 2.772830429245421e+00, 1.019358251197347e+00
188, 2.772000755754640e-01, 1.356793394459619e-01, 1.097944085795607e-05, 1.378673612888067e-03, 7.959100691140755e-04, 8.739079037241906e-03, 8.755976671474553e-04, 3.298301448486353e+01, 3.270742450339004e+01, 1.607874409718603e+05, 9.584041963058387e+03, 9.304421790311435e-04, 1.168343722730442e-01, 6.744863500792048e-02, 7.405848665093542e-01, 7.420168403064990e-02, 1.699769149837005e+04, 4.514881455592807e+03, 4.521487649226337e+03, 2.795113910201908e+03, 2.771759301693266e+03, 2.739585382414244e+00, 1.032517313127863e+00
189, 2.816208149574442e-01, 1.400965598756510e-01, 1.209528617383466e-05, 1.427235176577929e-03, 8.137981156975992e-04, 8.787833739912590e-03, 8.345952323182851e-04, 3.301732555603020e+01, 3.268710246005914e+01, 1.616642145018766e+05, 9.673276575734344e+03, 1.018502594275402e-03, 1.201825826271354e-01, 6.852715017586559e-02, 7.399933605146158e-01, 7.027840408810777e-02, 1.725567214568625e+04, 4.541580261364810e+03, 4.544642155939276e+03, 2.780275824113955e+03, 2.752468868982644e+03, 2.710080078309144e+00, 1.048472271196342e+00
190, 2.860415543394000e-01, 1.445137803053158e-01, 1.297985630758088e-05, 1.469191815072092e-03, 8.291648362371811e-04, 8.837660291168359e-03, 8.014433275870705e-04, 3.307298763866050e+01, 3.274304191389606e+01, 1.625832796180184e+05, 9.742955383549774e+03, 1.086140440881074e-03, 1.229403937876625e-01, 6.938362332006304e-02, 7.395259252138648e-01, 6.706391723752850e-02, 1.746480517077029e+04, 4.557326743664134e+03, 4.559099478932998e+03, 2.767512099046033e+03, 2.739902595021465e+03, 2.689179807131383e+00, 1.061406220624960e+00
191, 2.904622937213857e-01, 1.489310007350103e-01, 1.403305663629822e-05, 1.514133409166550e-03, 8.436605056783410e-04, 8.883374356585021e-03, 7.644933558666011e-04, 3.313333111969806e+01, 3.273677274683735e+01, 1.634209453025089e+05, 9.807537372717530e+03, 1.167505249118910e-03, 1.259710374499405e-01, 7.018984490563594e-02, 7.390682201320612e-01, 6.360339226324349e-02, 1.767054460942261e+04, 4.572871851200037e+03, 4.574590361589198e+03, 2.756586751241581e+03, 2.723594368049785e+03, 2.667170658483220e+00, 1.074130291794169e+00
192, 2.948830331033522e-01, 1.533482211646858e-01, 1.552520867866414e-05, 1.567250227883274e-03, 8.565805915831292e-04, 8.923842477722484e-03, 7.185806616072443e-04, 3.307989210932920e+01, 3.269583330154082e+01, 1.641153537726918e+05, 9.878779872142763e+03, 1.285010134969141e-03, 1.297201518218814e-01, 7.089854728425420e-02, 7.386198964591446e-01, 5.947639429975066e-02, 1.791151527495591e+04, 4.596984281364736e+03, 4.597248056574720e+03, 2.737998406590906e+03, 2.706210140768079e+03, 2.637582672195474e+00, 1.089033257982966e+00
193, 2.993037724853487e-01, 1.577654415943912e-01, 1.696782301284503e-05, 1.615116718972954e-03, 8.666327114251735e-04, 8.961761011831475e-03, 6.782911073801657e-04, 3.306074239966267e+01, 3.263245721194967e+01, 1.647537851534043e+05, 9.944621140496914e+03, 1.397820692690126e-03, 1.330544035720487e-01, 7.139378670293785e-02, 7.382759105748842e-01, 5.587807845743913e-02, 1.813171145775375e+04, 4.618762527711671e+03, 4.617817076350599e+03, 2.723566235159455e+03, 2.688283812817785e+03, 2.611221450026835e+00, 1.102651414615749e+00
194, 3.037245118673154e-01, 1.621826620240668e-01, 1.799548547850990e-05, 1.660085831411962e-03, 8.779227395830380e-04, 9.024579175882182e-03, 6.475987614441110e-04, 3.312024664714953e+01, 3.279956658447936e+01, 1.658983337950830e+05, 1.000433701027486e+04, 1.471640304963923e-03, 1.357590058974992e-01, 7.179503380209595e-02, 7.380147907888530e-01, 5.295952920658774e-02, 1.833427397086612e+04, 4.625846842148927e+03, 4.625163761781721e+03, 2.708517640965997e+03, 2.682292968906589e+03, 2.595454627049885e+00, 1.115179007040123e+00
195, 3.081452512492900e-01, 1.665998824537504e-01, 1.941587948477274e-05, 1.698662833612983e-03, 8.788072786831173e-04, 9.016129559729516e-03, 6.066071620280993e-04, 3.291227628945916e+01, 3.261896296822904e+01, 1.656790705350549e+05, 1.000165123174104e+04, 1.588909898442388e-03, 1.390110704261747e-01, 7.191770967768589e-02, 7.378402566996012e-01, 4.964205329809577e-02, 1.842458114208712e+04, 4.639294980465226e+03, 4.640661568844502e+03, 2.693395455900177e+03, 2.669391988026726e+03, 2.573890009369289e+00, 1.120764104779443e+00
196, 3.125659906312512e-01, 1.710171028834206e-01, 2.068299899119800e-05, 1.735817033661153e-03, 8.786400852380052e-04, 9.013623066742889e-03, 5.691552358151723e-04, 3.275403406642210e+01, 3.247211161631881e+01, 1.655752445030502e+05, 9.990432123441642e+03, 1.692841470981019e-03, 1.420714211641827e-01, 7.191405728879942e-02, 7.377380300442433e-01, 4.658365003179350e-02, 1.850272990166163e+04, 4.647809648636453e+03, 4.650797201520299e+03, 2.680819509451265e+03, 2.657745001961392e+03, 2.555894045199640e+00, 1.125597258719811e+00
197, 3.169867300132315e-01, 1.754343233131097e-01, 2.209524797159839e-05, 1.772708603887434e-03, 8.762858185690031e-04, 9.012770267968579e-03, 5.333605390973695e-04, 3.258913314106119e+01, 3.232312412501777e+01, 1.654737804052106e+05, 9.985408909457627e+03, 1.808533128488699e-03, 1.450991743296307e-01, 7.172546490286048e-02, 7.377103723855603e-01, 4.365645525345985e-02, 1.859367863011665e+04, 4.659181729198687e+03, 4.662576318734044e+03, 2.667475241287118e+03, 2.645701956886346e+03, 2.536674375315992e+00, 1.131222033926699e+00
198, 3.214074693951982e-01, 1.798515437427853e-01, 2.344842726169869e-05, 1.809592438029403e-03, 8.747079470137593e-04, 9.031819097387376e-03, 5.030930154371263e-04, 3.251243084537928e+01, 3.225350969144423e+01, 1.657328266856655e+05, 1.000067166978618e+04, 1.915304802207525e-03, 1.478103860832266e-01, 7.144753516928073e-02, 7.377333369454516e-01, 4.109343699983346e-02, 1.871792399620214e+04, 4.670043697700661e+03, 4.672667803113639e+03, 2.655667019139937e+03, 2.634517927817511e+03, 2.519242276044579e+00, 1.138906058394113e+00
199, 3.258282087771701e-01, 1.842687641724662e-01, 2.467688582597012e-05, 1.846467228051749e-03, 8.746063488751582e-04, 9.074018621367391e-03, 4.790115784379976e-04, 3.251731588815427e+01, 3.231208602015712e+01, 1.664241322688649e+05, 1.003710255841240e+04, 2.006449785798285e-03, 1.501341701029788e-01, 7.111325690503302e-02, 7.377982314126340e-01, 3.894789179355595e-02, 1.887213130927049e+04, 4.678018368629459e+03, 4.679824233224481e+03, 2.643946321211192e+03, 2.627259311854082e+03, 2.505067142787121e+00, 1.148443096305497e+00
200, 3.302489481591422e-01, 1.886859846021472e-01, 2.547127876174270e-05, 1.875681230849324e-03, 8.718981629774788e-04, 9.095417263293912e-03, 4.573875869552297e-04, 3.250702311367490e+01, 3.231942956268701e+01, 1.667685302318682e+05, 1.002712828882416e+04, 2.066491750982218e-03, 1.521745267396660e-01, 7.073733432636799e-02, 7.379136682595111e-01, 3.710797892347263e-02, 1.893564943033467e+04, 4.675641902967227e+03, 4.678327271142029e+03, 2.637303597583550e+03, 2.622084081936922e+03, 2.497499947621447e+00, 1.152371410187606e+00
201, 3.409196875411215e-01, 1.931032050318336e-01, 2.584587626971581e-06, 2.240969599721275e-04, 1.012487235107838e-04, 1.071064338608112e-03, 5.108473404963618e-05, 4.908671237866131e+00, 3.612088285979657e+00, 2.045775004397238e+04, 1.098087124563835e+03, 1.782376694130573e-03, 1.545411710988679e-01, 6.982288517241886e-02, 7.386246436869081e-01, 3.522892334767462e-02, 1.389479503748122e+03, 2.911640111983261e+03, 4.460970743910437e+03, 3.385105276454945e+03, 2.490959064760307e+03, 3.573084752409569e+00, 6.721867352528850e-02
202, 3.471696875411233e-01, 1.931032050318336e-01, 7.583957788844202e-07, 6.757552503874655e-05, 3.039902042600301e-05, 3.223234370508164e-04, 1.525920534507725e-05, 1.700304589713392e+00, 8.047723173203980e-01, 6.216846640964593e+03, 3.268063609800758e+02, 1.738181736618847e-03, 1.548776334667332e-01, 6.967209415815383e-02, 7.387392271487407e-01, 3.497286348975331e-02, 3.567844861800697e+02, 2.484188243173671e+03, 4.428784199771751e+03, 3.896960487934665e+03, 1.844473008750656e+03, 3.967689711112553e+00, 3.351069989003742e-03
203, 3.534196875411142e-01, 1.931032050318336e-01, 3.820322296886554e-07, 3.509142955376785e-05, 1.569949030015641e-05, 1.669636660267801e-04, 7.832519231880284e-06, 9.439989940215769e-01, 2.782982179175437e-01, 3.232613683789682e+03, 1.673304534818822e+02, 1.690638970356358e-03, 1.552930190666489e-01, 6.947625894759485e-02, 7.388781848287620e-01, 3.466189818663794e-02, 1.718894114617255e+02, 2.310231466746497e+03, 4.395745599870979e+03, 4.177557188226596e+03, 1.231576228465253e+03, 4.155509156420989e+00, -8.083869782209768e-03
204, 3.596696875410871e-01, 1.931032050318336e-01, 3.477093589634855e-07, 3.477736440304182e-05, 1.535259213068874e-05, 1.644930104987699e-04, 7.548384936270978e-06, 9.537585649953946e-01, 1.725090789455214e-01, 3.182453108934865e+03, 1.598034499322926e+02, 1.562604825351862e-03, 1.562893722251521e-01, 6.899450338807982e-02, 7.392311001011193e-01, 3.392241946029701e-02, 1.700703460501929e+02, 2.319666890694946e+03, 4.308267426133711e+03, 4.286188155317899e+03, 7.752552878669713e+02, 4.145726712099755e+00, -8.196370904548800e-03
205, 3.659196875410600e-01, 1.931032050318336e-01, 3.827868684470165e-07, 4.066504845649376e-05, 1.780691561092765e-05, 1.916748599586500e-04, 8.681032719035054e-06, 1.119440462783876e+00, 1.540111982673219e-01, 3.707644687767329e+03, 1.822407835816163e+02, 1.476740550120687e-03, 1.568803189930719e-01, 6.869669918907824e-02, 7.394559779127363e-01, 3.349026335499265e-02, 1.976826010993915e+02, 2.313721565287149e+03, 4.248559234404685e+03, 4.318651607735689e+03, 5.941546076978644e+02, 4.153476708761382e+00, -6.488675478286337e-03
206, 3.721696875410329e-01, 1.931032050318336e-01, 3.574202783317171e-07, 3.940349842372488e-05, 1.717999021811784e-05, 1.853972869115034e-04, 8.339995868179854e-06, 1.089835290533882e+00, 1.054187556794398e-01, 3.587937054877029e+03, 1.739584848388099e+02, 1.425813214576177e-03, 1.571875804453844e-01, 6.853404399329564e-02, 7.395828318942220e-01, 3.326973045252181e-02, 1.888383472501253e+02, 2.284987594009131e+03, 4.212230502879832e+03, 4.347547280214805e+03, 4.205342114708563e+02, 4.187157288038938e+00, -7.035653326353635e-03
207, 3.784196875410311e-01, 1.931032050318336e-01, 3.502358184094469e-07, 3.970288391028761e-05, 1.726748436519868e-05, 1.866140694470794e-04, 8.361163583820840e-06, 1.094267517665383e+00, 1.068466346658517e-01, 3.607234193013892e+03, 1.732558640169736e+02, 1.388194995211933e-03, 1.573663852830394e-01, 6.844141608510750e-02, 7.396636883658623e-01, 3.314031527077897e-02, 1.939130278536250e+02, 2.331098470604989e+03, 4.183090735501658e+03, 4.337239687090488e+03, 4.234974143192102e+02, 4.135798450052916e+00, -6.721806853441577e-03
208, 3.846696875410293e-01, 1.931032050318336e-01, 3.703069422794651e-07, 4.359144233089638e-05, 1.888339286193994e-05, 2.045717271199736e-04, 9.111861712981826e-06, 1.193890318528400e+00, 1.046511729510067e-01, 3.944279487628243e+03, 1.874651179381546e+02, 1.339126466111118e-03, 1.576380225602293e-01, 6.828727270339323e-02, 7.397847102679325e-01, 3.295086800233394e-02, 2.219660960805924e+02, 2.434088251181479e+03, 4.147780530036162e+03, 4.317418715765381e+03, 3.784459306801289e+02, 4.024742921192793e+00, -4.986849088548291e-03
209, 3.909196875410275e-01, 1.931032050318336e-01, 3.877035701161607e-07, 4.730585189180660e-05, 2.041756619660194e-05, 2.216890861429702e-04, 9.821537685322274e-06, 1.290184187539043e+00, 9.957053803119935e-02, 4.267016537349507e+03, 2.006226511237398e+02, 1.293976742196167e-03, 1.578852423242691e-01, 6.814447383793203e-02, 7.398965178003881e-01, 3.277978929521457e-02, 2.471537246248861e+02, 2.501018030046273e+03, 4.114202952413499e+03, 4.306043226077557e+03, 3.323207995782145e+02, 3.956289413904788e+00, -3.429106050652640e-03
210, 3.971696875410292e-01, 1.931032050318336e-01, 3.960904374421287e-07, 4.996028073839019e-05, 2.149322007423044e-05, 2.338368945804816e-04, 1.031081625145379e-05, 1.359980566625828e+00, 8.804478382818545e-02, 4.497064384777063e+03, 2.091344273800324e+02, 1.253461453096037e-03, 1.581035040781013e-01, 6.801709993287590e-02, 7.399964906023256e-01, 3.262944393360116e-02, 2.638237864236393e+02, 2.531015054762694e+03, 4.082832161673648e+03, 4.303772714720604e+03, 2.786251124553548e+02, 3.926922153524393e+00, -2.398136713359433e-03
211, 4.034196875410310e-01, 1.931032050318336e-01, 4.099410041479408e-07, 5.351788841689241e-05, 2.294738562093782e-05, 2.501730522902245e-04, 1.097853747479829e-05, 1.452209596841518e+00, 8.385993418046798e-02, 4.805644736950083e+03, 2.210291967029394e+02, 1.212747031650344e-03, 1.583243921956096e-01, 6.788628976935662e-02, 7.400982665651701e-01, 3.247830443821332e-02, 2.871449987572817e+02, 2.574865919917953e+03, 4.050663804154190e+03, 4.296137395585148e+03, 2.480866398401407e+02, 3.884444391178310e+00, -9.558232345762965e-04
212, 4.096696875410328e-01, 1.931032050318336e-01, 4.121628571504194e-07, 5.556573559870231e-05, 2.375277303235484e-05, 2.594481384776603e-04, 1.133604002303233e-05, 1.505700132720228e+00, 7.472643727095347e-02, 4.981452185623652e+03, 2.266118397823071e+02, 1.175878446129947e-03, 1.585260527491543e-01, 6.776538293058630e-02, 7.401915738687713e-01, 3.234111200535813e-02, 2.994853165241220e+02, 2.589518663529229e+03, 4.020749959694563e+03, 4.295681431950482e+03, 2.131905032648969e+02, 3.871043597641751e+00, -1.926293494151426e-04
213, 4.159196875410346e-01, 1.931032050318336e-01, 4.075569524865138e-07, 5.643413528326474e-05, 2.407236927441879e-05, 2.632907960353769e-04, 1.146812647703038e-05, 1.529030943862563e+00, 6.195777996380499e-02, 5.054871738556700e+03, 2.276697994585486e+02, 1.145875483364356e-03, 1.586686023914665e-01, 6.768118568401228e-02, 7.402608796924081e-01, 3.224345674874876e-02, 3.037793995765770e+02, 2.588334158948901e+03, 3.994611274532036e+03, 4.298979716057105e+03, 1.741987239600747e+02, 3.873110273180989e+00, 7.294062940776644e-05
214, 4.221696875410363e-01, 1.931032050318336e-01, 4.079445715293373e-07, 5.813361191650090e-05, 2.473631272119409e-05, 2.709721167036458e-04, 1.176146360127769e-05, 1.573295703531385e+00, 5.228694117333289e-02, 5.200368473908855e+03, 2.318539888445652e+02, 1.114567787622088e-03, 1.588300365840162e-01, 6.758343968209093e-02, 7.403378147414256e-01, 3.213414120484519e-02, 3.140443677038176e+02, 2.599957601214201e+03, 3.967463680719639e+03, 4.298487671956203e+03, 1.428560260689653e+02, 3.862726988491930e+00, 7.077833501629313e-04
215, 4.284196875410382e-01, 1.931032050318336e-01, 4.103572486934652e-07, 6.028461811429063e-05, 2.558359152604451e-05, 2.807245781985041e-04, 1.213945546639612e-05, 1.628865905960428e+00, 4.425853989356343e-02, 5.384709301188233e+03, 2.375550478876039e+02, 1.082329572287397e-03, 1.590024914800251e-01, 6.747749128867815e-02, 7.404195091460690e-01, 3.201817851294034e-02, 3.275404879162261e+02, 2.617495596121303e+03, 3.939247695449551e+03, 4.296182764956110e+03, 1.167332286820356e+02, 3.846741840954715e+00, 1.542458486907595e-03
216, 4.346696875410363e-01, 1.931032050318336e-01, 4.126590785894696e-07, 6.250759077951425e-05, 2.645606038008025e-05, 2.907926387218636e-04, 1.252814904036825e-05, 1.686080517453311e+00, 3.797032155473135e-02, 5.574922208604386e+03, 2.433739818460429e+02, 1.050833022934722e-03, 1.591750769175485e-01, 6.737014486430515e-02, 7.405011144787113e-01, 3.190283071650046e-02, 3.415427625107237e+02, 2.634900639273640e+03, 3.911377271777010e+03, 4.293590469699692e+03, 9.669111828957581e+01, 3.831004535068077e+00, 2.408437025773385e-03
217, 4.409196875410418e-01, 1.931032050318336e-01, 4.137644202664127e-07, 6.456800518346815e-05, 2.725931953486028e-05, 3.001041272457473e-04, 1.288428949575377e-05, 1.739001589252669e+00, 3.274626626286374e-02, 5.750799892617695e+03, 2.484818425037886e+02, 1.021061927284343e-03, 1.593368800804285e-01, 6.726884182744110e-02, 7.405781733340653e-01, 3.179504283078074e-02, 3.544812235654788e+02, 2.649874685300680e+03, 3.884450237330938e+03, 4.291399229372071e+03, 8.080918538185888e+01, 3.817686243292512e+00, 3.208623418616423e-03
218, 4.471696875410653e-01, 1.931032050318336e-01, 4.124537515475554e-07, 6.611891915147855e-05, 2.785365121906271e-05, 3.070728046526185e-04, 1.314398997369064e-05, 1.778881566637471e+00, 2.732905864414295e-02, 5.882571485021479e+03, 2.517707977247258e+02, 9.948189633916047e-04, 1.594757093711713e-01, 6.718169086461669e-02, 7.406450979390573e-01, 3.170268286176307e-02, 3.639150565798956e+02, 2.658672071848717e+03, 3.860065018598611e+03, 4.290578299939850e+03, 6.591639835696826e+01, 3.810207526802166e+00, 3.792064121381875e-03
219, 4.534196875410852e-01, 1.931032050318336e-01, 4.163567549998308e-07, 6.892398578292829e-05, 2.895860517431052e-05, 3.197983556263588e-04, 1.363936800055457e-05, 1.850040779016436e+00, 2.565861024738026e-02, 6.121750174605514e+03, 2.592084926109694e+02, 9.643766273279124e-04, 1.596435752588291e-01, 6.707469412891730e-02, 7.407254858254565e-01, 3.159186815946919e-02, 3.828940046627142e+02, 2.686025243357984e+03, 3.831763622481741e+03, 4.285113824771977e+03, 5.943115781152643e+01, 3.785600948137378e+00, 4.965827828060466e-03
220, 4.596696875411051e-01, 1.931032050318336e-01, 4.096595344157158e-07, 6.966369449449077e-05, 2.921720406851179e-05, 3.230238228889913e-04, 1.374244913003585e-05, 1.869238740804392e+00, 2.018259604858498e-02, 6.183091669752906e+03, 2.591730001813114e+02, 9.394636343760963e-04, 1.597582922296794e-01, 6.700320245117954e-02, 7.407837707821947e-01, 3.151527090257030e-02, 3.866410171861525e+02, 2.685256729871754e+03, 3.806793368159398e+03, 4.286686073246983e+03, 4.628432501147930e+01, 3.787228999093103e+00, 5.197563922668552e-03
221, 4.659196875411250e-01, 1.931032050318336e-01, 4.066840231051174e-07, 7.093548019927204e-05, 2.969974757614083e-05, 3.287210150874610e-04, 1.395168541005082e-05, 1.901543991017994e+00, 1.403489365565895e-02, 6.290231717248412e+03, 2.612549621045793e+02, 9.165441295717188e-04, 1.598673521978729e-01, 6.693434643149923e-02, 7.408388319385584e-01, 3.144292530249776e-02, 3.948748806582620e+02, 2.694935876361127e+03, 3.783721261583742e+03, 4.285511313630921e+03, 3.163045179656016e+01, 3.779115659970310e+00, 5.706791834939306e-03
222, 4.721696875411232e-01, 1.931032050318336e-01, 4.028522004836454e-07, 7.185526223734846e-05, 3.004685862385658e-05, 3.328331090158690e-04, 1.410084048601315e-05, 1.924842720427210e+00, 9.328171243268480e-03, 6.367370593732498e+03, 2.622632234518132e+02, 8.967437598344757e-04, 1.599488793787239e-01, 6.688391658584462e-02, 7.408821727123844e-01, 3.138828756321258e-02, 4.009665356802751e+02, 2.702733845064115e+03, 3.762928313174179e+03, 4.284674866200691e+03, 2.076438788971690e+01, 3.772756560284570e+00, 6.083533662107181e-03
223, 4.784196875411215e-01, 1.931032050318336e-01, 3.998235069039719e-07, 7.277127226581243e-05, 3.039522322388262e-05, 3.369395947504438e-04, 1.425185994728490e-05, 1.947993696928296e+00, 5.602110388825469e-03, 6.444343407891081e+03, 2.634605274176949e+02, 8.792010385131300e-04, 1.600220523436873e-01, 6.683827079405402e-02, 7.409210226649646e-01, 3.133945315878097e-02, 4.071420044150054e+02, 2.710941533737941e+03, 3.744378448920407e+03, 4.283585261453208e+03, 1.231888867630663e+01, 3.765956811646697e+00, 6.465458995425145e-03
