"PointID","x","y","Density_0","Density_1","Density_2","Density_3","Density_4","Momentum_x","Momentum_y","Energy","Energy_ve","MassFrac_0","MassFrac_1","MassFrac_2","MassFrac_3","MassFrac_4","Pressure","Temperature_tr","Temperature_ve","Velocity_x","Velocity_y","Mach","Pressure_Coefficient"
0, -5.000000000000000e-02, 0.000000000000000e+00, 1.086598349622006e-48, 7.112798238741981e-29, 2.363517672909355e-48, 9.593719318045168e-04, 2.581051390133979e-04, 6.003966420776255e+00, -2.021647258352061e-17, 1.528480231921450e+04, 3.853143740047748e+01, 8.925000524995654e-46, 5.842244104000680e-26, 1.941324177318196e-45, 7.880000000000000e-01, 2.120000000000000e-01, 3.237000000000029e+02, 9.201000000000092e+02, 9.200999999998971e+02, 4.931482131932656e+03, -1.660521833888745e-14, 8.082999999999963e+00, 1.996631008249476e-16
1, 0.000000000000000e+00, 0.000000000000000e+00, 2.809677520908406e-45, 2.211629051173031e-27, 6.065029014667782e-45, 1.260557812352712e-03, 3.391348429172270e-04, 7.845623043677088e+00, 3.498295653331267e-02, 2.002268523751056e+04, 5.062807911016071e+01, 1.756385835524318e-42, 1.382533728517889e-24, 3.791371420433473e-42, 7.880000000000000e-01, 2.120000000000000e-01, 4.859609771051350e+02, 1.051278948332521e+03, 9.201002988352141e+02, 4.904456501585415e+03, 2.186854857279413e+01, 7.520536972026290e+00, 1.096044946497563e-02
2, 1.931920337076797e-01, 5.173816881076040e-02, 4.388332943383970e-19, 3.014410867752865e-14, 1.270347054503021e-18, 6.114262200203361e-03, 1.644953789872282e-03, 3.274123471388081e+01, 9.932704639389943e+00, 9.203974085793352e+04, 3.534516193633926e+02, 5.655639627740456e-17, 3.884942591618417e-12, 1.637210584320519e-16, 7.879999999999999e-01, 2.119999999961149e-01, 7.436252308401085e+03, 3.316571752324512e+03, 1.029013540319545e+03, 4.219657598864497e+03, 1.280117044306498e+03, 3.806826482152017e+00, 4.804406551349353e-01
3, 3.346696875411197e-01, 1.931032050318336e-01, 4.362427033107355e-06, 7.880274884977495e-04, 4.671646924958978e-04, 5.661706631411243e-03, 5.459205382100795e-04, 1.989959361321438e+01, 1.819521732408828e+01, 8.674039272111653e+04, 5.648604005080151e+03, 5.842133167516620e-04, 1.055321153231591e-01, 6.256238382923626e-02, 7.582119734059158e-01, 7.310931412493708e-02, 8.991614795144871e+03, 3.803856467552684e+03, 4.271013608733876e+03, 2.664940295518306e+03, 2.436691360394228e+03, 2.751833417590597e+00, 5.855027115813746e-01
4, 4.846696875411197e-01, 1.931032050318336e-01, 1.112547788764641e-07, 6.104235568145438e-05, 3.536168533347912e-05, 4.172282849618250e-04, 3.682266372617251e-05, 2.181529296113651e+00, -1.594506164718655e-03, 6.595079371700082e+03, 3.099858004885178e+02, 2.020733744423016e-04, 1.108719546344644e-01, 6.422784848853476e-02, 7.578166826310246e-01, 6.688144087153396e-02, 4.633816949237847e+02, 2.648061345034249e+03, 3.529177103978378e+03, 3.962337535180538e+03, -2.896120459072828e+00, 3.610066615068746e+00, 9.435257852553844e-03
6, -3.640905996670419e-02, 0.000000000000000e+00, 1.119428881452735e-47, 2.670149905641755e-28, 2.488104107126924e-47, 9.593719318045171e-04, 2.581051390133980e-04, 6.003966420776261e+00, -5.834788410123004e-17, 1.528480231921453e+04, 3.853143740039678e+01, 9.194660895754610e-45, 2.193182910498608e-25, 2.043655824627060e-44, 7.880000000000000e-01, 2.120000000000000e-01, 3.237000000000030e+02, 9.201000000000092e+02, 9.200999999998971e+02, 4.931482131932659e+03, -4.792524270048984e-14, 8.082999999999970e+00, 2.035027758408119e-16
7, -2.648758523368654e-02, 0.000000000000000e+00, 2.167328972242393e-47, 3.963016640090406e-28, 4.856387223952314e-47, 9.593719318045175e-04, 2.581051390133981e-04, 6.003966420776262e+00, -1.004494096519947e-16, 1.528480231921453e+04, 3.853143740059675e+01, 1.780180525934962e-44, 3.255105771665995e-25, 3.988894197974287e-44, 7.880000000000000e-01, 2.120000000000000e-01, 3.237000000000032e+02, 9.201000000000092e+02, 9.200999999998971e+02, 4.931482131932658e+03, -8.250620242442154e-14, 8.082999999999966e+00, 2.188614759042694e-16
8, -1.924472747190228e-02, 0.000000000000000e+00, 3.172493184203399e-47, 4.948232447754975e-28, 7.150514632332138e-47, 9.593719318045169e-04, 2.581051390133980e-04, 6.003966420776257e+00, -2.200895357779208e-17, 1.528480231921451e+04, 3.853143740043313e+01, 2.605792963371443e-44, 4.064333174201545e-25, 5.873223244794533e-44, 7.879999999999999e-01, 2.120000000000000e-01, 3.237000000000029e+02, 9.201000000000092e+02, 9.200999999998971e+02, 4.931482131932657e+03, -1.807750971688215e-14, 8.082999999999963e+00, 1.996631008249476e-16
9, -1.395714581734536e-02, 0.000000000000000e+00, 4.145972589424967e-47, 5.766511075938215e-28, 9.390047666263475e-47, 9.593719318045176e-04, 2.581051390133981e-04, 6.003966420776261e+00, -7.057684713174826e-17, 1.528480231921452e+04, 3.853143740048122e+01, 3.405380428758016e-44, 4.736443267932926e-25, 7.712710071784044e-44, 7.880000000000000e-01, 2.120000000000000e-01, 3.237000000000033e+02, 9.201000000000092e+02, 9.200999999998971e+02, 4.931482131932657e+03, -5.796975468649596e-14, 8.082999999999963e+00, 2.227011509201338e-16
10, -1.009678458521239e-02, 0.000000000000000e+00, 4.788048866343183e-47, 6.258723585092074e-28, 1.087506817148023e-46, 9.593719318045200e-04, 2.581051390133988e-04, 6.003966420776273e+00, -7.587300627133316e-16, 1.528480231921454e+04, 3.853143740053174e+01, 3.932763073005147e-44, 5.140732203594909e-25, 8.932462411118922e-44, 7.880000000000000e-01, 2.120000000000000e-01, 3.237000000000040e+02, 9.201000000000092e+02, 9.200999999998971e+02, 4.931482131932654e+03, -6.231986465286001e-13, 8.082999999999961e+00, 2.726169261263707e-16
11, -7.278131510363134e-03, 0.000000000000000e+00, 5.305447751942293e-47, 6.635291887229887e-28, 1.207545908907035e-46, 9.593719318045202e-04, 2.581051390133988e-04, 6.003966420776270e+00, -1.220030252545187e-15, 1.528480231921452e+04, 3.853143740032734e+01, 4.357739360444805e-44, 5.450034375408976e-25, 9.918428345396169e-44, 7.880000000000000e-01, 2.120000000000000e-01, 3.237000000000041e+02, 9.201000000000092e+02, 9.200999999998971e+02, 4.931482131932650e+03, -1.002097108675363e-12, 8.082999999999954e+00, 2.802962761580994e-16
12, -5.219729353472306e-03, 0.000000000000000e+00, 5.724090947116551e-47, 6.926992105251633e-28, 1.304943871452632e-46, 9.593719318045188e-04, 2.581051390133985e-04, 6.003966420776262e+00, -1.264377952939245e-15, 1.528480231921450e+04, 3.853143740044507e+01, 4.701600616815749e-44, 5.689628389139178e-25, 1.071842667702935e-43, 7.880000000000000e-01, 2.120000000000000e-01, 3.237000000000036e+02, 9.201000000000092e+02, 9.200999999998971e+02, 4.931482131932651e+03, -1.038523010613924e-12, 8.082999999999954e+00, 2.457392010153201e-16
13, -3.716075109627959e-03, 0.000000000000000e+00, 6.018819726306964e-47, 7.126252481150149e-28, 1.373650279962060e-46, 9.593719318045183e-04, 2.581051390133983e-04, 6.003966420776261e+00, -1.137621551913015e-15, 1.528480231921450e+04, 3.853143740049810e+01, 4.943682201968242e-44, 5.853295024572940e-25, 1.128276098899525e-43, 7.880000000000000e-01, 2.120000000000000e-01, 3.237000000000021e+02, 9.201000000000054e+02, 9.200999999998972e+02, 4.931482131932653e+03, -9.344090161375658e-13, 8.082999999999975e+00, 1.420679755869819e-16
14, -2.617116624604489e-03, 0.000000000000000e+00, 6.247188732747202e-47, 7.277755555866512e-28, 1.426953949590907e-46, 9.593719318045173e-04, 2.581051390133980e-04, 6.003966420776254e+00, -7.652434707765093e-16, 1.528480231921449e+04, 3.853143740048069e+01, 5.131257813792146e-44, 5.977735211865001e-25, 1.172058171602577e-43, 7.880000000000000e-01, 2.120000000000000e-01, 3.237000000000033e+02, 9.201000000000098e+02, 9.200999999998972e+02, 4.931482131932652e+03, -6.285485691015189e-13, 8.082999999999954e+00, 2.265408259359982e-16
15, -1.739648995067414e-03, 0.000000000000000e+00, 6.460549418606087e-47, 7.416782807299729e-28, 1.476816536491357e-46, 9.593719318045168e-04, 2.581051390133979e-04, 6.003966420776253e+00, -2.822860970127873e-16, 1.528480231921449e+04, 3.853143740048233e+01, 5.306506030759017e-44, 6.091928123391310e-25, 1.213013839758982e-43, 7.880000000000000e-01, 2.120000000000000e-01, 3.237000000000040e+02, 9.201000000000123e+02, 9.200999999998974e+02, 4.931482131932655e+03, -2.318615305199500e-13, 8.082999999999947e+00, 2.726169261263707e-16
16, -8.698244975333391e-04, 0.000000000000000e+00, 6.676600239861064e-47, 7.555039916414728e-28, 1.527372861950310e-46, 9.593719318045174e-04, 2.581051390133980e-04, 6.003966420776256e+00, -1.377190698954802e-20, 1.528480231921450e+04, 3.853143740044204e+01, 5.483963846132761e-44, 6.205488462578734e-25, 1.254539324444281e-43, 7.879999999999999e-01, 2.119999999999999e-01, 3.237000000000019e+02, 9.201000000000056e+02, 9.200999999998974e+02, 4.931482131932653e+03, -1.131184095343651e-17, 8.082999999999974e+00, 1.267092755235244e-16
17, 8.914882248994977e-04, 2.387467401603415e-04, 2.057041395602759e-37, 5.390540308326661e-24, 4.498010799826650e-37, 1.898064886073756e-03, 5.106468982838025e-04, 1.164897372385244e+01, 1.716171305005276e-01, 2.992158977370389e+04, 7.623474009304259e+01, 8.540006359255655e-35, 2.237934958982402e-21, 1.867392698884620e-34, 7.879999999999999e-01, 2.120000000000000e-01, 9.589782251714979e+02, 1.377770972915527e+03, 9.201085181254311e+02, 4.836184137721319e+03, 7.124851201170198e+01, 6.478494111263514e+00, 4.291194967154709e-02
18, 1.782976449799005e-03, 4.774934803206855e-04, 3.857168289843039e-35, 6.364232887232475e-23, 8.502170989999744e-35, 2.101532105085174e-03, 5.653868099975339e-04, 1.282525314438125e+01, 3.053460243900197e-01, 3.303232328847142e+04, 8.441180070809123e+01, 1.446301298486767e-32, 2.386361599237113e-20, 3.188012557080714e-32, 7.880000000000001e-01, 2.120000000000000e-01, 1.158554773207554e+03, 1.503349236130340e+03, 9.201242664353667e+02, 4.809015029234029e+03, 1.144939288041872e+02, 6.168248681976461e+00, 5.639300166672980e-02
19, 2.674464674698533e-03, 7.162402204810351e-04, 5.547946109289924e-33, 6.858415858886621e-22, 1.233212368769684e-32, 2.350915988553339e-03, 6.324799360067358e-04, 1.425228161719886e+01, 4.948163250205701e-01, 3.682835098692496e+04, 9.444050271945945e+01, 1.859607725417139e-30, 2.298862112945316e-19, 4.133586020606804e-30, 7.880000000000000e-01, 2.120000000000000e-01, 1.419878342229629e+03, 1.646999110970721e+03, 9.201579532766234e+02, 4.777200873632109e+03, 1.658567409531923e+02, 5.855999559759757e+00, 7.404495855355218e-02
20, 3.565952899598004e-03, 9.549869606413694e-04, 1.569105957577353e-30, 1.075830937956841e-20, 3.537299827308272e-30, 2.691340716677782e-03, 7.240662841823473e-04, 1.616546548764137e+01, 8.083654227856651e-01, 4.197057196966898e+04, 1.081508877357303e+02, 4.594199043282959e-28, 3.149934803336487e-18, 1.035689107159833e-27, 7.880000000000000e-01, 2.120000000000000e-01, 1.816197713125041e+03, 1.840237100906638e+03, 9.202453684435878e+02, 4.733100764731786e+03, 2.366820184481931e+02, 5.492420806477974e+00, 1.008156492900905e-01
21, 4.457441124497438e-03, 1.193733700801694e-03, 7.638307600386422e-29, 7.646985449006030e-20, 1.742884133597356e-28, 2.921430424351641e-03, 7.859685913230300e-04, 1.740912454462832e+01, 1.133523918047325e+00, 4.539222533318452e+04, 1.174630567687505e+02, 2.060287432804534e-26, 2.062628116551527e-17, 4.701096715591017e-26, 7.880000000000000e-01, 2.119999999999999e-01, 2.137989010430123e+03, 1.995672442208856e+03, 9.203977245803177e+02, 4.695778488105417e+03, 3.057464042189283e+02, 5.237140640503388e+00, 1.225520970503923e-01
22, 5.348929349396780e-03, 1.432480440961994e-03, 1.423118646729816e-27, 3.442055644327868e-19, 3.288571921118620e-27, 3.091174470528783e-03, 8.316357712590120e-04, 1.829124073215727e+01, 1.469626674441166e+00, 4.788294091945433e+04, 1.243962636955644e+02, 3.627803944147039e-25, 8.774463795524235e-17, 8.383204178695818e-25, 7.880000000000001e-01, 2.119999999999999e-01, 2.408924302819335e+03, 2.125098059083910e+03, 9.206335506559333e+02, 4.662790093007699e+03, 3.746361877987229e+02, 5.045059468064111e+00, 1.408533092918684e-01
23, 6.240417574296114e-03, 1.671227181122291e-03, 1.339202669936155e-26, 1.109769396936427e-18, 3.127562358935370e-26, 3.222050925207786e-03, 8.668461880000629e-04, 1.894334507207019e+01, 1.808824367168168e+00, 4.978017510933601e+04, 1.298140199846875e+02, 3.275217333325158e-24, 2.714104479057883e-16, 7.648914297287643e-24, 7.879999999999999e-01, 2.119999999999997e-01, 2.640984684382362e+03, 2.235181642455072e+03, 9.209489588782329e+02, 4.632873987188350e+03, 4.423746347946369e+02, 4.894153568371761e+00, 1.565285882795974e-01
24, 7.131905799195436e-03, 1.909973921282586e-03, 5.866268915472346e-26, 2.421823991949595e-18, 1.388719019587010e-25, 3.256586617491512e-03, 8.761375163809627e-04, 1.905717871831598e+01, 2.090876641253346e+00, 5.023156718527050e+04, 1.313782905037516e+02, 1.419467819637767e-23, 5.860115298042596e-16, 3.360299343972281e-23, 7.879999999999999e-01, 2.119999999999994e-01, 2.751471078346732e+03, 2.303995666025614e+03, 9.213060360886686e+02, 4.611287398091794e+03, 5.059318196722064e+02, 4.804988073198659e+00, 1.639917538491553e-01
25, 8.023394024094811e-03, 2.148720661442895e-03, 3.623608027430241e-25, 6.361171081856895e-18, 8.631741854630250e-25, 3.452496379014646e-03, 9.288442034912435e-04, 2.005670904281636e+01, 2.555686572552428e+00, 5.311337581984777e+04, 1.395500134703306e+02, 8.270546329812434e-23, 1.451877789929456e-15, 1.970114327358077e-22, 7.879999999999999e-01, 2.119999999999985e-01, 3.057016446652325e+03, 2.414592698263376e+03, 9.218283688301675e+02, 4.577756206148434e+03, 5.833115514363209e+02, 4.669181657949504e+00, 1.846308170935541e-01
26, 8.914882248994234e-03, 2.387467401603216e-03, 9.603855141807575e-25, 1.075770908050595e-17, 2.327922609784174e-24, 3.489520019223517e-03, 9.388048782682449e-04, 2.018635771016894e+01, 2.908410287012852e+00, 5.362914933552871e+04, 1.413078823024851e+02, 2.168733181083270e-22, 2.429295349715458e-15, 5.256892083737401e-22, 7.880000000000000e-01, 2.119999999999976e-01, 3.143599071388167e+03, 2.456635917147531e+03, 9.223314276452162e+02, 4.558463567477311e+03, 6.567743682628598e+02, 4.619789811336379e+00, 1.904793242324410e-01
27, 9.806370473893577e-03, 2.626214141763516e-03, 2.029459310370247e-24, 1.609449591533793e-17, 4.997490284981034e-24, 3.496936110589692e-03, 9.408000703616776e-04, 2.016524285742191e+01, 3.139288373701473e+00, 5.370374513283437e+04, 1.418685966082024e+02, 4.573186029132451e-22, 3.626735628048873e-15, 1.126135056525520e-21, 7.880000000000000e-01, 2.119999999999964e-01, 3.189659377780210e+03, 2.487344554285007e+03, 9.228311159933702e+02, 4.544038229216858e+03, 7.074076163374940e+02, 4.584443091529167e+00, 1.935906185778717e-01
28, 1.069785869879290e-02, 2.864960881923812e-03, 4.792053479556872e-24, 2.587292648877147e-17, 1.188599949736633e-23, 3.605480322006411e-03, 9.700023201336785e-04, 2.068811108469992e+01, 3.494222038847558e+00, 5.529144433054949e+04, 1.466189688395414e+02, 1.047332894550215e-21, 5.654687934007718e-15, 2.597758625045690e-21, 7.880000000000000e-01, 2.119999999999943e-01, 3.367920304047979e+03, 2.547287802670010e+03, 9.234759150385353e+02, 4.521514494266195e+03, 7.636838148320865e+02, 4.517159676394868e+00, 2.056318370445378e-01
29, 1.158934692369223e-02, 3.103707622084108e-03, 7.113995595723940e-24, 3.162277649212846e-17, 1.807563837364647e-23, 3.533444051745138e-03, 9.506220037689647e-04, 2.024551585147181e+01, 3.602336279210157e+00, 5.418888650092090e+04, 1.439676360032153e+02, 1.586505530393723e-21, 7.052254828681969e-15, 4.031082091535770e-21, 7.880000000000000e-01, 2.119999999999929e-01, 3.298483983998124e+03, 2.545631287381557e+03, 9.240029205476289e+02, 4.514990546710513e+03, 8.033637851477013e+02, 4.518975846862331e+00, 2.009415332480360e-01
30, 1.248083514859175e-02, 3.342454362244454e-03, 9.829249032923709e-24, 3.760005896567848e-17, 2.550807425236321e-23, 3.516227081784030e-03, 9.459900270789145e-04, 2.011324742716752e+01, 3.745086261908058e+00, 5.391920420445306e+04, 1.435254461166815e+02, 2.202772476803196e-21, 8.426317691041114e-15, 5.716457453784207e-21, 7.880000000000001e-01, 2.119999999999916e-01, 3.288054775575139e+03, 2.550007564964048e+03, 9.244963385219958e+02, 4.507456032835787e+03, 8.392882216487095e+02, 4.514133662140468e+00, 2.002370581861992e-01
31, 1.337232337349147e-02, 3.581201102404856e-03, 1.359303710076970e-23, 4.521137354541910e-17, 3.583886454275469e-23, 3.545998619318902e-03, 9.539996285476796e-04, 2.023439218747072e+01, 3.934480735934765e+00, 5.435119268242022e+04, 1.450270096121000e+02, 3.020676087421574e-21, 1.004697581090238e-14, 7.964195221574873e-21, 7.880000000000000e-01, 2.119999999999899e-01, 3.340434348469763e+03, 2.568879411643340e+03, 9.250361616337518e+02, 4.496533347999301e+03, 8.743293928614385e+02, 4.493422896500910e+00, 2.037752080972315e-01
32, 1.426381159839122e-02, 3.819947842565264e-03, 1.780049559365537e-23, 5.250492607312284e-17, 4.774915931699244e-23, 3.537343393904619e-03, 9.516710653651492e-04, 2.015032248421688e+01, 4.062861957756858e+00, 5.420917147191411e+04, 1.449626129820385e+02, 3.965346014178530e-21, 1.169631475895563e-14, 1.063689140461340e-20, 7.880000000000000e-01, 2.119999999999883e-01, 3.341639363011016e+03, 2.576093939131580e+03, 9.255829213295283e+02, 4.488807658573351e+03, 9.050676923900396e+02, 4.485552006868732e+00, 2.038566047535292e-01
33, 1.515529982329097e-02, 4.058694582725674e-03, 2.105325699262938e-23, 5.737563942712277e-17, 5.777267569610108e-23, 3.501412413719035e-03, 9.420043549598858e-04, 1.992836947057118e+01, 4.132248084293074e+00, 5.366547213451936e+04, 1.437452916300689e+02, 4.738078395218481e-21, 1.291250459141164e-14, 1.300185841295207e-20, 7.880000000000001e-01, 2.119999999999871e-01, 3.300759593006313e+03, 2.570691529503990e+03, 9.260691704425558e+02, 4.484920165725499e+03, 9.299708533803787e+02, 4.491420424836516e+00, 2.010952467161863e-01
34, 1.604678804819070e-02, 4.297441322886079e-03, 2.914162162346105e-23, 6.980424007459751e-17, 8.034473639356464e-23, 3.568933713547993e-03, 9.601699838478671e-04, 2.025063297680516e+01, 4.348575856632094e+00, 5.465798276678247e+04, 1.468693792217748e+02, 6.434302142434148e-21, 1.541237400122510e-14, 1.773965485483584e-20, 7.880000000000001e-01, 2.119999999999845e-01, 3.406786795797769e+03, 2.603069796355252e+03, 9.267268294534142e+02, 4.471223078519605e+03, 9.601404929483878e+02, 4.456410806231065e+00, 2.082572016041783e-01
35, 1.693827627309051e-02, 4.536188063046503e-03, 3.923378515952110e-23, 8.359821446834982e-17, 1.097225492787469e-22, 3.597032262774810e-03, 9.677294920154741e-04, 2.037064107148241e+01, 4.500914508779976e+00, 5.507095855084989e+04, 1.484895012666787e+02, 8.594925051312535e-21, 1.831381766652332e-14, 2.403686220066172e-20, 7.880000000000000e-01, 2.119999999999816e-01, 3.450960378137599e+03, 2.616224325550625e+03, 9.275852383724772e+02, 4.462585818439480e+03, 9.860130167925217e+02, 4.442342819763753e+00, 2.112410509902753e-01
36, 1.782976449799041e-02, 4.774934803206952e-03, 4.309106248379020e-23, 8.653752166152851e-17, 1.232274365232172e-22, 3.503507261562538e-03, 9.425679434659768e-04, 1.983787587553512e+01, 4.477463712763134e+00, 5.366181460129988e+04, 1.448520456623214e+02, 9.691932883873249e-21, 1.946380069407121e-14, 2.771600363031296e-20, 7.880000000000000e-01, 2.119999999999805e-01, 3.338499254688932e+03, 2.598529198577395e+03, 9.280092016055820e+02, 4.461884912135107e+03, 1.007059823841718e+03, 4.461249530367476e+00, 2.036444958460595e-01
37, 1.872125272289031e-02, 5.013681543367401e-03, 5.004716569436754e-23, 9.448901025704656e-17, 1.457238150690289e-22, 3.498358864136757e-03, 9.411828416204541e-04, 1.978261872373780e+01, 4.565929249334885e+00, 5.357742674450071e+04, 1.449465551983047e+02, 1.127304776289525e-20, 2.128350548762971e-14, 3.282406715090675e-20, 7.880000000000000e-01, 2.119999999999787e-01, 3.339125255948505e+03, 2.602841318707285e+03, 9.285929767948016e+02, 4.456004703837610e+03, 1.028468601480571e+03, 4.456608525043698e+00, 2.036867811526869e-01
38, 1.961274094779022e-02, 5.252428283527852e-03, 5.861835243374797e-23, 1.040536046190456e-16, 1.736601145838163e-22, 3.494778792416278e-03, 9.402196751169656e-04, 1.974089700992174e+01, 4.633718003465504e+00, 5.351683398880574e+04, 1.451581220444051e+02, 1.321722044840982e-20, 2.346192572123211e-14, 3.915674737096413e-20, 7.880000000000000e-01, 2.119999999999765e-01, 3.341472032269314e+03, 2.607338865795384e+03, 9.292764783102266e+02, 4.451162081438375e+03, 1.044807126177584e+03, 4.451777273589518e+00, 2.038453018501998e-01
39, 2.050422917269014e-02, 5.491175023688308e-03, 6.456293890016054e-23, 1.097012339832262e-16, 1.953999892693709e-22, 3.451700374840502e-03, 9.286300500838831e-04, 1.949275136619410e+01, 4.628589002980569e+00, 5.286673410513415e+04, 1.436620075675928e+02, 1.473928508515963e-20, 2.504405452132465e-14, 4.460850445380249e-20, 7.879999999999999e-01, 2.119999999999749e-01, 3.290707570895001e+03, 2.599773665275707e+03, 9.298396162282556e+02, 4.450064144768280e+03, 1.056675765061800e+03, 4.459866994415396e+00, 2.004162499398976e-01
40, 2.139571739759007e-02, 5.729921763848764e-03, 6.788908174756982e-23, 1.122027012588064e-16, 2.111140624803777e-22, 3.389537902908382e-03, 9.119061363153404e-04, 1.914625948243963e+01, 4.585830756333477e+00, 5.193282213632296e+04, 1.413197067565045e+02, 1.578285829793567e-20, 2.608489154703792e-14, 4.907981146686539e-20, 7.880000000000000e-01, 2.119999999999739e-01, 3.213267158888038e+03, 2.585149599120232e+03, 9.303183040005052e+02, 4.451123694240700e+03, 1.066114243150995e+03, 4.475612652489936e+00, 1.951852835209092e-01
41, 2.228720562248999e-02, 5.968668504009221e-03, 7.430346826834268e-23, 1.185026327949807e-16, 2.351786369362378e-22, 3.392859853727999e-03, 9.127998591246728e-04, 1.914751219124787e+01, 4.642668398240234e+00, 5.197756470016587e+04, 1.417060765841115e+02, 1.725716225240467e-20, 2.752252632534788e-14, 5.462081367791514e-20, 7.880000000000001e-01, 2.119999999999725e-01, 3.222571076241197e+03, 2.590096371097564e+03, 9.308018367390606e+02, 4.447056541437957e+03, 1.078271091508101e+03, 4.470256404279133e+00, 1.958137471095978e-01
42, 2.317869384738967e-02, 6.207415244169609e-03, 8.734705910661276e-23, 1.321153499625380e-16, 2.806478065858486e-22, 3.416349412809154e-03, 9.191193851718733e-04, 1.926013557480376e+01, 4.717107565754140e+00, 5.232531460866198e+04, 1.431385378835081e+02, 2.014708516580411e-20, 3.047314053420439e-14, 6.473297806145766e-20, 7.880000000000000e-01, 2.119999999999695e-01, 3.256984565736014e+03, 2.599757007986178e+03, 9.316753405497304e+02, 4.442457430156660e+03, 1.088027105154279e+03, 4.459838263707150e+00, 1.981383190384172e-01
43, 2.407018207228917e-02, 6.446161984329951e-03, 9.602163006601758e-23, 1.398961177124038e-16, 3.126589833413926e-22, 3.410232089560764e-03, 9.174736078512326e-04, 1.921487977665969e+01, 4.750104518725040e+00, 5.223097799813014e+04, 1.431679505363622e+02, 2.218765248372508e-20, 3.232570038116463e-14, 7.224589775787090e-20, 7.880000000000001e-01, 2.119999999999676e-01, 3.251795381375900e+03, 2.600271001497852e+03, 9.322285562173746e+02, 4.439969147659401e+03, 1.097603407173803e+03, 4.459272563859993e+00, 1.977877985746669e-01
44, 2.496167029718797e-02, 6.684908724490106e-03, 1.015464781024731e-22, 1.444764150790724e-16, 3.399612633454946e-22, 3.350691943576004e-03, 9.014551929416230e-04, 1.888389729651334e+01, 4.728499804301361e+00, 5.134422213469975e+04, 1.410059292201709e+02, 2.388122396574286e-20, 3.397728499051635e-14, 7.995049381661342e-20, 7.879999999999999e-01, 2.119999999999660e-01, 3.169862797833016e+03, 2.579795631521738e+03, 9.328931318384680e+02, 4.441026307471101e+03, 1.112026383963206e+03, 4.481346709641698e+00, 1.922533937074090e-01
45, 2.585315852208661e-02, 6.923655464650219e-03, 1.078217214912273e-22, 1.499752923641566e-16, 3.686556873860903e-22, 3.342096096184280e-03, 8.991426045570421e-04, 1.883006549091946e+01, 4.739275181817822e+00, 5.121304088892800e+04, 1.409108387171583e+02, 2.542222428376347e-20, 3.536120057046948e-14, 8.692170221912769e-20, 7.880000000000000e-01, 2.119999999999646e-01, 3.161193898419661e+03, 2.579357510210147e+03, 9.334188738046795e+02, 4.439756123046672e+03, 1.117427128303173e+03, 4.481808592587410e+00, 1.916678244865638e-01
46, 2.674464674698497e-02, 7.162402204810255e-03, 1.117034147135618e-22, 1.530036057638423e-16, 3.917364387153080e-22, 3.304043434166560e-03, 8.889050863492261e-04, 1.862145160822514e+01, 4.704669122014370e+00, 5.064353719815604e+04, 1.395605682735216e+02, 2.664077895709932e-20, 3.649069503601139e-14, 9.342743818545739e-20, 7.880000000000000e-01, 2.119999999999635e-01, 3.111599777732105e+03, 2.568131888443999e+03, 9.339252520478127e+02, 4.441135281559283e+03, 1.122043139569828e+03, 4.494012492760106e+00, 1.883178270734233e-01
47, 2.763613497188353e-02, 7.401148944970346e-03, 1.188962054379962e-22, 1.596189463819358e-16, 4.237343792965258e-22, 3.316036835752201e-03, 8.921317375372343e-04, 1.867645142780309e+01, 4.757767620998339e+00, 5.082305692321993e+04, 1.403186411163231e+02, 2.825366982507858e-20, 3.793073960845609e-14, 1.006932996900563e-19, 7.880000000000000e-01, 2.119999999999620e-01, 3.127206708200654e+03, 2.571677957042351e+03, 9.344241303142246e+02, 4.438142413388018e+03, 1.130602906736484e+03, 4.490132581916386e+00, 1.893720483394094e-01
48, 2.852762319678226e-02, 7.639895685130482e-03, 1.338310071076272e-22, 1.733269817223265e-16, 4.831259439735587e-22, 3.337673589011379e-03, 8.979527929825831e-04, 1.878460967768994e+01, 4.816118647914900e+00, 5.114627253492696e+04, 1.416719936406580e+02, 3.159650900196242e-20, 4.092121591723680e-14, 1.140624550898426e-19, 7.880000000000000e-01, 2.119999999999590e-01, 3.156010268860841e+03, 2.578540071981459e+03, 9.352859878829865e+02, 4.434907138539007e+03, 1.137049922152829e+03, 4.482647897847009e+00, 1.913176792400713e-01
49, 2.941911142168101e-02, 7.878642425290624e-03, 1.402202248121677e-22, 1.785743158457209e-16, 5.163506968949664e-22, 3.311933343645173e-03, 8.910277523510605e-04, 1.864193484410712e+01, 4.801022376676394e+00, 5.076187050534109e+04, 1.408683842596724e+02, 3.336224666598423e-20, 4.248773942157692e-14, 1.228540272206715e-19, 7.880000000000000e-01, 2.119999999999574e-01, 3.121631358358248e+03, 2.570273666754158e+03, 9.358586005491167e+02, 4.435428836556386e+03, 1.142295221635450e+03, 4.491626280086766e+00, 1.889954430626049e-01
50, 3.031059964657972e-02, 8.117389165450753e-03, 1.426490060156554e-22, 1.803378797158086e-16, 5.372500472913148e-22, 3.283879886714591e-03, 8.834803756133896e-04, 1.848956488003077e+01, 4.777100512486324e+00, 5.034444337727474e+04, 1.398751085422016e+02, 3.423006340612420e-20, 4.327388763242178e-14, 1.289185511864462e-19, 7.880000000000001e-01, 2.119999999999567e-01, 3.082642749162685e+03, 2.559854450060522e+03, 9.362578507372447e+02, 4.436757015507291e+03, 1.146313304292421e+03, 4.503008001130853e+00, 1.863618296798828e-01
51, 3.120208876295687e-02, 8.356136144355005e-03, 1.446040926984344e-22, 1.819871058038486e-16, 5.577960203426435e-22, 3.257583216224796e-03, 8.764056368521742e-04, 1.834894788744398e+01, 4.747310961370619e+00, 4.995356547928190e+04, 1.389572554381860e+02, 3.497931364541481e-20, 4.402215687359334e-14, 1.349292511825342e-19, 7.879999999999999e-01, 2.119999999999559e-01, 3.045686948127501e+03, 2.549582578949824e+03, 9.366646759927029e+02, 4.438557659338114e+03, 1.148360851973981e+03, 4.514291046135838e+00, 1.838655289863317e-01
52, 3.211603615231537e-02, 8.600897604790440e-03, 1.507188082448908e-22, 1.876436343107522e-16, 5.927410724549829e-22, 3.258703224409049e-03, 8.767069588509778e-04, 1.835307818153686e+01, 4.764611195890346e+00, 4.997320127529869e+04, 1.392644316482043e+02, 3.644591505214828e-20, 4.537485424549117e-14, 1.433330785067822e-19, 7.880000000000000e-01, 2.119999999999546e-01, 3.044273126052110e+03, 2.547523172426228e+03, 9.371859015998510e+02, 4.438030900980159e+03, 1.152149601792123e+03, 4.516549352833285e+00, 1.837700277408304e-01
53, 3.306263821957166e-02, 8.854404214832268e-03, 1.617678878941560e-22, 1.976937748792133e-16, 6.473890054270226e-22, 3.267419984832791e-03, 8.790520771375580e-04, 1.839582750205765e+01, 4.798813245202405e+00, 5.010601919967930e+04, 1.400112118817563e+02, 3.901337944075722e-20, 4.767758516748872e-14, 1.561300777508099e-19, 7.879999999999999e-01, 2.119999999999523e-01, 3.053272541515988e+03, 2.548237781859490e+03, 9.379351169613079e+02, 4.436501012698327e+03, 1.157324388897930e+03, 4.515741375638446e+00, 1.843779227514851e-01
54, 3.404330350149454e-02, 9.117033190412857e-03, 1.721175368124521e-22, 2.070043119639330e-16, 7.035291067431448e-22, 3.259855181531643e-03, 8.770168762494226e-04, 1.835479685372461e+01, 4.798709669384100e+00, 4.999574809953805e+04, 1.400879389879127e+02, 4.160571910574479e-20, 5.003884796837435e-14, 1.700630565598078e-19, 7.880000000000001e-01, 2.119999999999499e-01, 3.040468069028943e+03, 2.543439896118956e+03, 9.387384532497190e+02, 4.436878056018208e+03, 1.159985032739395e+03, 4.521020963765007e+00, 1.835130026941567e-01
55, 3.505990866283369e-02, 9.389287115390117e-03, 1.784350227286197e-22, 2.127885013515012e-16, 7.456082850636542e-22, 3.255994219185126e-03, 8.759781401866483e-04, 1.833578894865721e+01, 4.801280713654962e+00, 4.994281710399123e+04, 1.402118504684669e+02, 4.318398266239607e-20, 5.149804568969640e-14, 1.804485171282651e-19, 7.880000000000000e-01, 2.119999999999485e-01, 3.030583134963709e+03, 2.538177070550578e+03, 9.393192687317611e+02, 4.437539110606259e+03, 1.161982776279922e+03, 4.526835779368462e+00, 1.828452924275261e-01
56, 3.611437659401692e-02, 9.671680953179728e-03, 1.869567967221033e-22, 2.205579944363526e-16, 7.976699713225541e-22, 3.256906462657352e-03, 8.762235660954120e-04, 1.834154867616199e+01, 4.809370037931540e+00, 4.995993618586917e+04, 1.405890426849180e+02, 4.523370796986768e-20, 5.336342987082302e-14, 1.929941632064309e-19, 7.880000000000000e-01, 2.119999999999466e-01, 3.028305798898719e+03, 2.535559357055961e+03, 9.399955342349588e+02, 4.437689728744356e+03, 1.163614501473254e+03, 4.529724162331523e+00, 1.826914622996641e-01
57, 3.720781251492448e-02, 9.964510689344029e-03, 1.937297749690982e-22, 2.266892313094804e-16, 8.438621364336392e-22, 3.255562725770164e-03, 8.758620531257565e-04, 1.833665385999626e+01, 4.810700252508559e+00, 4.994389687776643e+04, 1.408183318332181e+02, 4.689175897832993e-20, 5.486950469664566e-14, 2.042545082132915e-19, 7.879999999999999e-01, 2.119999999999451e-01, 3.022483178770323e+03, 2.531728698731130e+03, 9.405701435779023e+02, 4.438336612991784e+03, 1.164416759342258e+03, 4.533969131950054e+00, 1.822981543410310e-01
58, 3.834153283913298e-02, 1.026812886858450e-02, 2.001067195407151e-22, 2.325676608390539e-16, 8.917258131795889e-22, 3.250287015453945e-03, 8.744426995888998e-04, 1.831158623130857e+01, 4.804616273666337e+00, 4.986951018163933e+04, 1.408871626760830e+02, 4.851389869520827e-20, 5.638373345794490e-14, 2.161901202707717e-19, 7.880000000000000e-01, 2.119999999999436e-01, 3.011036702197300e+03, 2.526234581576904e+03, 9.411646156050177e+02, 4.439463309444344e+03, 1.164831784284842e+03, 4.540078953442721e+00, 1.815249645681791e-01
59, 3.951707266937012e-02, 1.058294660207660e-02, 2.098087945225272e-22, 2.416001049365461e-16, 9.563675051513427e-22, 3.254260820890401e-03, 8.755117944525060e-04, 1.833330277175100e+01, 4.819786809337669e+00, 4.993283401746735e+04, 1.414366174704834e+02, 5.080395800558959e-20, 5.850203569052220e-14, 2.315787318648479e-19, 7.879999999999999e-01, 2.119999999999415e-01, 3.012364696712450e+03, 2.524262590892937e+03, 9.419177898548400e+02, 4.439300774972004e+03, 1.167082853770433e+03, 4.542262293079558e+00, 1.816146683098473e-01
60, 4.073611831285641e-02, 1.090941549460945e-02, 2.200572265316033e-22, 2.508932740287957e-16, 1.022952277603107e-21, 3.256814410143067e-03, 8.761988006981378e-04, 1.834754736274052e+01, 4.830652030224917e+00, 4.997430628278243e+04, 1.419190080139456e+02, 5.324377525684246e-20, 6.070468716883569e-14, 2.475076234742643e-19, 7.880000000000000e-01, 2.119999999999393e-01, 3.012438053539533e+03, 2.522344800180958e+03, 9.426578820506633e+02, 4.439266565761854e+03, 1.168796658465417e+03, 4.544387666516372e+00, 1.816196234371398e-01
61, 4.199973579341539e-02, 1.124782103476910e-02, 2.292989596686947e-22, 2.594101068367205e-16, 1.091759824184705e-21, 3.251542089202383e-03, 8.747803590237320e-04, 1.832072238443726e+01, 4.831072225260593e+00, 4.989991773181567e+04, 1.420712479842649e+02, 5.556981126553861e-20, 6.286714382881621e-14, 2.645842243021939e-19, 7.880000000000000e-01, 2.119999999999372e-01, 3.001048575253815e+03, 2.516882751463628e+03, 9.434193475119529e+02, 4.439963821128931e+03, 1.170793675452374e+03, 4.550488470609152e+00, 1.808502838004003e-01
62, 4.330924441866192e-02, 1.159851654230057e-02, 2.357504507164292e-22, 2.661187657127476e-16, 1.152597777502254e-21, 3.249560476215476e-03, 8.742472347176030e-04, 1.831229220419002e+01, 4.834089534456275e+00, 4.987506865388204e+04, 1.423220846646800e+02, 5.716814828474910e-20, 6.453229257203087e-14, 2.794984291935826e-19, 7.879999999999999e-01, 2.119999999999354e-01, 2.993657799303310e+03, 2.512215385063917e+03, 9.440915909713552e+02, 4.440627082499292e+03, 1.172239316988466e+03, 4.555715580144939e+00, 1.803510496175568e-01
63, 4.466648738017173e-02, 1.196199563671325e-02, 2.469700003121642e-22, 2.766770636972085e-16, 1.233645743584560e-21, 3.255659946060985e-03, 8.758882088384653e-04, 1.834722960149495e+01, 4.846585746861802e+00, 4.997066609501501e+04, 1.430012581882293e+02, 5.977662393194548e-20, 6.696692216187504e-14, 2.985916410344976e-19, 7.879999999999999e-01, 2.119999999999330e-01, 2.997295687111567e+03, 2.510555876861472e+03, 9.449099473957805e+02, 4.440763828381479e+03, 1.173067713397964e+03, 4.557562082739550e+00, 1.805967826717576e-01
64, 4.607394334706959e-02, 1.233892212281907e-02, 2.579187488359762e-22, 2.875394407498393e-16, 1.324834093706032e-21, 3.253654172517325e-03, 8.753485844840691e-04, 1.833863333449990e+01, 4.851866317438310e+00, 4.994622383027977e+04, 1.433888760421586e+02, 6.246514328396006e-20, 6.963895586222350e-14, 3.208605495502440e-19, 7.879999999999999e-01, 2.119999999999304e-01, 2.989105017767584e+03, 2.505238762745104e+03, 9.458540148195572e+02, 4.441419493702804e+03, 1.175069769379748e+03, 4.563533927421497e+00, 1.800435170682177e-01
65, 4.753441116795683e-02, 1.273004555171822e-02, 2.621587541186275e-22, 2.932357946669905e-16, 1.386748278962740e-21, 3.252874897221112e-03, 8.751389317393968e-04, 1.833907353909994e+01, 4.850128635716858e+00, 4.994029459723269e+04, 1.436816056764377e+02, 6.350723737391743e-20, 7.103556499974480e-14, 3.359359576835147e-19, 7.879999999999999e-01, 2.119999999999289e-01, 2.982355830834846e+03, 2.500180924101957e+03, 9.465024043518284e+02, 4.442590141156739e+03, 1.174930326465947e+03, 4.569237425015760e+00, 1.795876211182136e-01
66, 4.904722907946974e-02, 1.313518869858435e-02, 2.655163683644491e-22, 2.984963258254961e-16, 1.448003092774991e-21, 3.250761054746213e-03, 8.745702330024897e-04, 1.833460050635277e+01, 4.842021381293533e+00, 4.991572214734257e+04, 1.439107943599492e+02, 6.436243536439199e-20, 7.235693451140295e-14, 3.510028629882711e-19, 7.879999999999999e-01, 2.119999999999276e-01, 2.972537119092951e+03, 2.493570078076096e+03, 9.471415909348293e+02, 4.444394698869652e+03, 1.173729100417435e+03, 4.576721764101842e+00, 1.789243840554386e-01
67, 5.061579951229327e-02, 1.355526275799297e-02, 2.743909156358757e-22, 3.087467430766867e-16, 1.538733460970944e-21, 3.260655385509386e-03, 8.772321595529779e-04, 1.839181519537090e+01, 4.857698669352695e+00, 5.006988179408661e+04, 1.447898566373740e+02, 6.631183487895384e-20, 7.461458043853399e-14, 3.718644946760239e-19, 7.879999999999999e-01, 2.119999999999254e-01, 2.979353293658989e+03, 2.491703966346463e+03, 9.480118427261034e+02, 4.444735386131026e+03, 1.173956183306359e+03, 4.578821099222856e+00, 1.793848049046678e-01
68, 5.224297969845960e-02, 1.399103291653265e-02, 2.852467784580059e-22, 3.199273381375063e-16, 1.630194537588623e-21, 3.274852841609863e-03, 8.810517797221306e-04, 1.847065475489628e+01, 4.879301732409265e+00, 5.028658670175663e+04, 1.458301774206483e+02, 6.863650743903755e-20, 7.698139569789812e-14, 3.922598534193525e-19, 7.880000000000000e-01, 2.119999999999230e-01, 2.993633908000656e+03, 2.492793132139188e+03, 9.488159995419680e+02, 4.444436636030134e+03, 1.174064897294260e+03, 4.577560705855459e+00, 1.803494358012218e-01
69, 5.392886588664213e-02, 1.444252495026680e-02, 3.054222991018336e-22, 3.392280777582829e-16, 1.788578012099279e-21, 3.279758991728753e-03, 8.823717084342998e-04, 1.849981853832030e+01, 4.888061600096338e+00, 5.036450619731678e+04, 1.467560006395154e+02, 7.338123694429963e-20, 8.150346593992492e-14, 4.297265369463445e-19, 7.879999999999999e-01, 2.119999999999184e-01, 2.995535025250237e+03, 2.490644882887548e+03, 9.501992467937496e+02, 4.444795195305628e+03, 1.174413287863461e+03, 4.579968424934576e+00, 1.804778529962417e-01
70, 5.567779462008837e-02, 1.491090021560484e-02, 3.201383860355659e-22, 3.541263708889477e-16, 1.919943420284122e-21, 3.293926412752919e-03, 8.861832481006848e-04, 1.857920700819754e+01, 4.912882584210628e+00, 5.058279523636970e+04, 1.479275770310738e+02, 7.658612142011713e-20, 8.471700496407622e-14, 4.593045580272876e-19, 7.879999999999999e-01, 2.119999999999152e-01, 3.007742852513843e+03, 2.490039005902859e+03, 9.512440526537856e+02, 4.444669761223914e+03, 1.175299928185849e+03, 4.580630516520737e+00, 1.813024706966097e-01
71, 5.749073580602473e-02, 1.539641846044035e-02, 3.419024115309982e-22, 3.746110234718415e-16, 2.097792965656305e-21, 3.302630463190610e-03, 8.885249469493832e-04, 1.862770978201792e+01, 4.933283206938022e+00, 5.071840032193462e+04, 1.490220330787226e+02, 8.157712565460498e-20, 8.938132491233371e-14, 5.005285560589716e-19, 7.880000000000000e-01, 2.119999999999106e-01, 3.013748321666439e+03, 2.488435214794104e+03, 9.526050620125081e+02, 4.444528527133296e+03, 1.177069978126342e+03, 4.582421618229476e+00, 1.817081297918205e-01
72, 5.936984105820705e-02, 1.589965590188528e-02, 3.523952402856815e-22, 3.863514870376505e-16, 2.218827446105971e-21, 3.307931015423443e-03, 8.899509838444992e-04, 1.866006692810501e+01, 4.943259654670894e+00, 5.080375242159002e+04, 1.497311827773627e+02, 8.394596140317960e-20, 9.203486117641939e-14, 5.285587938138095e-19, 7.880000000000000e-01, 2.119999999999080e-01, 3.014633560290978e+03, 2.485177569067751e+03, 9.535111054205988e+02, 4.445114686729493e+03, 1.177560411543841e+03, 4.586114359389861e+00, 1.817679261358449e-01
73, 6.131888829774556e-02, 1.642162429345971e-02, 3.563701462092405e-22, 3.936758738082839e-16, 2.316268998054817e-21, 3.305911162033585e-03, 8.894075715111798e-04, 1.865433967691645e+01, 4.941846101971275e+00, 5.078058246395844e+04, 1.500359491924501e+02, 8.494471310600469e-20, 9.383694036415131e-14, 5.521079911126340e-19, 7.879999999999999e-01, 2.119999999999061e-01, 3.004941511775718e+03, 2.478701239838663e+03, 9.542743440046262e+02, 4.446465420555312e+03, 1.177942944467364e+03, 4.593503448338674e+00, 1.811132449558174e-01
74, 6.333959785032550e-02, 1.696278435033394e-02, 3.754238674072931e-22, 4.135119048402800e-16, 2.504113779063054e-21, 3.316888539879847e-03, 8.923608762109156e-04, 1.871562414424128e+01, 4.961968506184651e+00, 5.094981290690461e+04, 1.512259012061152e+02, 8.919021666240960e-20, 9.823886968054233e-14, 5.949074363448964e-19, 7.879999999999999e-01, 2.119999999999017e-01, 3.014307525419649e+03, 2.478198099061843e+03, 9.556003334440509e+02, 4.446309138321653e+03, 1.178825015029038e+03, 4.594044530164059e+00, 1.817459030419700e-01
75, 6.543449253022506e-02, 1.752381169969871e-02, 3.911660843029616e-22, 4.303245190704036e-16, 2.672024822832399e-21, 3.320124144239862e-03, 8.932313687544562e-04, 1.873510271137522e+01, 4.970866057106181e+00, 5.100260740468549e+04, 1.519834646892252e+02, 9.283956293185678e-20, 1.021334463097655e-13, 6.341797682610434e-19, 7.880000000000000e-01, 2.119999999998978e-01, 3.014154695049642e+03, 2.475657461705376e+03, 9.567662484228014e+02, 4.446599071356020e+03, 1.179787948530603e+03, 4.596927937530348e+00, 1.817355796137677e-01
76, 6.760644752453709e-02, 1.810547633663256e-02, 4.090180028231877e-22, 4.496566246196302e-16, 2.871532286551008e-21, 3.319300691982751e-03, 8.930098308375493e-04, 1.873269976015916e+01, 4.975170949913732e+00, 5.099487820172351e+04, 1.526526859674152e+02, 9.710062935941651e-20, 1.067482138801391e-13, 6.817000482262885e-19, 7.879999999999999e-01, 2.119999999998932e-01, 3.008486740935465e+03, 2.471615128688242e+03, 9.581149543734846e+02, 4.447131724660913e+03, 1.181102609354197e+03, 4.601537714386046e+00, 1.813527190779410e-01
77, 6.985839957815661e-02, 1.870856474182115e-02, 4.140769250598975e-22, 4.594504551631460e-16, 2.998589507730861e-21, 3.318249943807058e-03, 8.927271422420484e-04, 1.873091405865509e+01, 4.975146328535968e+00, 5.098465723469937e+04, 1.530672687375326e+02, 9.833274240120705e-20, 1.091078022450531e-13, 7.120887733312080e-19, 7.880000000000000e-01, 2.119999999998908e-01, 3.001612559776191e+03, 2.466748528243348e+03, 9.589968467421625e+02, 4.448115882821647e+03, 1.181470767204599e+03, 4.607121390895726e+00, 1.808883799832707e-01
78, 7.219325844631382e-02, 1.933385616793038e-02, 4.222166211831417e-22, 4.714459637534883e-16, 3.141780845698740e-21, 3.319828002497987e-03, 8.931516961030478e-04, 1.874280029376323e+01, 4.977777773870832e+00, 5.101291848433397e+04, 1.536279869489942e+02, 1.002180526346462e-19, 1.119032128044633e-13, 7.457384251677383e-19, 7.880000000000000e-01, 2.119999999998881e-01, 2.999025537123530e+03, 2.463450950619332e+03, 9.599246294898343e+02, 4.448822836716940e+03, 1.181533767068282e+03, 4.610904538954251e+00, 1.807136310599306e-01
79, 7.461397849477001e-02, 1.998214181463633e-02, 4.389287939252813e-22, 4.916014528549337e-16, 3.359912672553633e-21, 3.320474559684803e-03, 8.933256429603944e-04, 1.874881894037155e+01, 4.981222061774671e+00, 5.102690749709308e+04, 1.543847236135153e+02, 1.041645955709277e-19, 1.166646326862568e-13, 7.973592745199615e-19, 7.880000000000000e-01, 2.119999999998833e-01, 2.995555686970052e+03, 2.460121632248396e+03, 9.613038850990584e+02, 4.449384887446695e+03, 1.182121083635419e+03, 4.614719135135162e+00, 1.804792486598198e-01
80, 7.712375765598738e-02, 2.065427811046968e-02, 4.527753296305505e-22, 5.100141109183138e-16, 3.568124698453097e-21, 3.323437470348012e-03, 8.941227712098687e-04, 1.876773459647049e+01, 4.986747782605037e+00, 5.107577613928803e+04, 1.551964990505394e+02, 1.073547984375085e-19, 1.209263369596502e-13, 8.460162971222135e-19, 7.880000000000000e-01, 2.119999999998791e-01, 2.994892121893987e+03, 2.457383913094365e+03, 9.625791520189741e+02, 4.449903148161272e+03, 1.182377369140419e+03, 4.617857360486894e+00, 1.804344259821021e-01
81, 7.972633713574356e-02, 2.135126697632939e-02, 4.695190313630336e-22, 5.300769173993545e-16, 3.790597773337459e-21, 3.328396125460584e-03, 8.954568256309975e-04, 1.879707120363541e+01, 4.994712480102644e+00, 5.115404768886971e+04, 1.560968207675214e+02, 1.111589434574505e-19, 1.254960633187523e-13, 8.974265480424381e-19, 7.879999999999999e-01, 2.119999999998745e-01, 2.997295415153716e+03, 2.455691919150781e+03, 9.638401045397261e+02, 4.450219129616072e+03, 1.182501507021266e+03, 4.619786331846125e+00, 1.805967643014734e-01
82, 8.242461639642955e-02, 2.207388490838751e-02, 4.879416890619626e-22, 5.533332665440973e-16, 4.052541434426083e-21, 3.332533159327397e-03, 8.965698347423503e-04, 1.882170099816263e+01, 5.003556004506093e+00, 5.122035445443556e+04, 1.570765156817566e+02, 1.153771118239764e-19, 1.308393924952728e-13, 9.582508253188023e-19, 7.879999999999999e-01, 2.119999999998691e-01, 2.998296124993545e+03, 2.453462269517222e+03, 9.653165085114268e+02, 4.450518472724088e+03, 1.183124651142728e+03, 4.622336076142270e+00, 1.806643605271600e-01
83, 8.522212594146307e-02, 2.282307739998714e-02, 5.077088317945454e-22, 5.782714309317129e-16, 4.341200801253870e-21, 3.333769491262482e-03, 8.969024519634396e-04, 1.883145951412688e+01, 5.006084475854405e+00, 5.124334980370096e+04, 1.579605617610137e+02, 1.200066652786469e-19, 1.366854813353118e-13, 1.026125603570925e-18, 7.880000000000000e-01, 2.119999999998633e-01, 2.995415279015531e+03, 2.450195920155742e+03, 9.668640388964935e+02, 4.451174604610248e+03, 1.183283540542390e+03, 4.626093969225341e+00, 1.804697643443826e-01
84, 8.812282375538115e-02, 2.359990442688505e-02, 5.309864791743144e-22, 6.070167158492958e-16, 4.669616059332436e-21, 3.340482845062826e-03, 8.987085826812700e-04, 1.887034751669134e+01, 5.018075847825610e+00, 5.134867079931354e+04, 1.591717139568826e+02, 1.252565467317915e-19, 1.431916265626710e-13, 1.101534606050268e-18, 7.879999999999999e-01, 2.119999999998568e-01, 2.999317197779134e+03, 2.448457057255473e+03, 9.685301777524771e+02, 4.451402546530100e+03, 1.183734193974647e+03, 4.628074062197056e+00, 1.807333322347522e-01
85, 9.113047082487051e-02, 2.440537320744504e-02, 5.525058700308969e-22, 6.330080163639929e-16, 4.972970964292018e-21, 3.346215749071176e-03, 9.002509375667394e-04, 1.890399073545007e+01, 5.026874703414675e+00, 5.143867859181863e+04, 1.602160823847373e+02, 1.301095500806233e-19, 1.490669921786374e-13, 1.171084417061225e-18, 7.879999999999999e-01, 2.119999999998509e-01, 3.002580891069831e+03, 2.446921951067865e+03, 9.699630929512252e+02, 4.451698819381116e+03, 1.183778203001491e+03, 4.629824719273631e+00, 1.809537890939432e-01
86, 9.424866669024891e-02, 2.524044772357169e-02, 5.809113457306972e-22, 6.662695646976613e-16, 5.359573545204746e-21, 3.351000072445494e-03, 9.015380905557356e-04, 1.893277305028248e+01, 5.033762154986248e+00, 5.151462625246660e+04, 1.613991446545782e+02, 1.366034409249435e-19, 1.566757402659820e-13, 1.260323444439447e-18, 7.880000000000001e-01, 2.119999999998433e-01, 3.004471782925080e+03, 2.444967169659327e+03, 9.717287780632437e+02, 4.452111262634197e+03, 1.183707696918793e+03, 4.632057713567335e+00, 1.810815155811920e-01
87, 9.748170013635063e-02, 2.610627654163954e-02, 6.166904186189464e-22, 7.060704594415812e-16, 5.815893820764551e-21, 3.361697235303974e-03, 9.044160074668603e-04, 1.899191111471820e+01, 5.052825130287705e+00, 5.167873479984736e+04, 1.629725008036177e+02, 1.445555669821612e-19, 1.655067315988248e-13, 1.363276943156383e-18, 7.880000000000001e-01, 2.119999999998345e-01, 3.014400734193617e+03, 2.445241339682824e+03, 9.736754625994238e+02, 4.451806605672718e+03, 1.184409518160157e+03, 4.631683371041476e+00, 1.817521991340741e-01
88, 1.008339308239883e-01, 2.700402720910258e-02, 6.456553256636091e-22, 7.421088553908168e-16, 6.259239966691069e-21, 3.365706760890819e-03, 9.054947123201379e-04, 1.901663232915598e+01, 5.061456843705796e+00, 5.174417152332130e+04, 1.641641232534916e+02, 1.511648021553320e-19, 1.737470966998879e-13, 1.465451818638861e-18, 7.879999999999999e-01, 2.119999999998262e-01, 3.014196990074730e+03, 2.442163275773031e+03, 9.755027199631051e+02, 4.452291105541449e+03, 1.185019455403931e+03, 4.635230147191609e+00, 1.817384365698478e-01
89, 1.043097319128833e-01, 2.793487088851627e-02, 6.646369514779266e-22, 7.697554519921259e-16, 6.621685770951173e-21, 3.371127852777025e-03, 9.069531786651303e-04, 1.905040232255659e+01, 5.068009610894508e+00, 5.183118762843622e+04, 1.651956220308883e+02, 1.553586635206289e-19, 1.799300776059635e-13, 1.547816818401354e-18, 7.879999999999999e-01, 2.119999999998200e-01, 3.015379343215055e+03, 2.439192472531220e+03, 9.769025843709537e+02, 4.453025125644055e+03, 1.184645539354161e+03, 4.638669295402083e+00, 1.818183024875532e-01
90, 1.079134959989725e-01, 2.889998394758972e-02, 6.991950777673518e-22, 8.132733635875364e-16, 7.166750652142112e-21, 3.375559191742713e-03, 9.081453663056016e-04, 1.907795514031231e+01, 5.074701282990198e+00, 5.190284743453234e+04, 1.665421616978744e+02, 1.632220589194361e-19, 1.898528137425787e-13, 1.673026361884764e-18, 7.880000000000001e-01, 2.119999999998101e-01, 3.015815209537699e+03, 2.436342486348341e+03, 9.789555696456546e+02, 4.453611326781307e+03, 1.184652492771655e+03, 4.641954030732476e+00, 1.818477445067500e-01
91, 1.116309809947942e-01, 2.989555225635505e-02, 7.349479981914865e-22, 8.589754109139173e-16, 7.746125155733180e-21, 3.383381841912553e-03, 9.102499371634317e-04, 1.912319138701699e+01, 5.089131962998537e+00, 5.202565914553581e+04, 1.680572622509487e+02, 1.711716411670273e-19, 2.000580056957288e-13, 1.804096288247299e-18, 7.880000000000000e-01, 2.119999999997999e-01, 3.020274110974056e+03, 2.434303286100298e+03, 9.809971307766119e+02, 4.453849880701364e+03, 1.185274430797308e+03, 4.644291336408865e+00, 1.821489356171107e-01
92, 1.154556628374381e-01, 3.091982862543962e-02, 7.792159633356088e-22, 9.127833762724368e-16, 8.425382334694521e-21, 3.390109556348076e-03, 9.120599314023765e-04, 1.916200950756371e+01, 5.101745097079474e+00, 5.213132536205498e+04, 1.696593284566193e+02, 1.811216330630631e-19, 2.121681581516505e-13, 1.958403163492812e-18, 7.880000000000000e-01, 2.119999999997878e-01, 3.024064449195169e+03, 2.432521283798921e+03, 9.832776780934371e+02, 4.454034077950566e+03, 1.185854046802332e+03, 4.646321895483375e+00, 1.824049664340628e-01
93, 1.194211400542905e-01, 3.198181097390006e-02, 8.256157182379827e-22, 9.676872395392840e-16, 9.124459647739183e-21, 3.398800924020960e-03, 9.143982181366509e-04, 1.921070892347906e+01, 5.118316522782650e+00, 5.226596374377165e+04, 1.713088916200412e+02, 1.914160907082060e-19, 2.243548715571237e-13, 2.115473769470511e-18, 7.880000000000000e-01, 2.119999999997756e-01, 3.030830279945056e+03, 2.431729309572982e+03, 9.854496047451231e+02, 4.453935070075363e+03, 1.186663623470245e+03, 4.647192059188052e+00, 1.828619866452419e-01
94, 1.235329691157358e-01, 3.308298736310846e-02, 8.736462308602908e-22, 1.031155060346716e-15, 9.972317408453602e-21, 3.402780403336521e-03, 9.154688394752916e-04, 1.923592407378238e+01, 5.127095420511060e+00, 5.233197546202163e+04, 1.729332163594249e+02, 2.023149155446180e-19, 2.387900749506151e-13, 2.309342709907542e-18, 7.880000000000000e-01, 2.119999999997612e-01, 3.029562703218307e+03, 2.427869627044382e+03, 9.879837887073805e+02, 4.454565494522587e+03, 1.187308821750953e+03, 4.651666803359953e+00, 1.827763640210942e-01
95, 1.277962626229142e-01, 3.422472698316944e-02, 8.934783674657387e-22, 1.067757754366047e-15, 1.051172352913444e-20, 3.413418661957639e-03, 9.183309090535254e-04, 1.929947189612615e+01, 5.142736876229046e+00, 5.250001477600772e+04, 1.742545118931247e+02, 2.062627012061903e-19, 2.464957257712698e-13, 2.426669260725082e-18, 7.880000000000001e-01, 2.119999999997535e-01, 3.034602545350296e+03, 2.424329235375890e+03, 9.893650178627407e+02, 4.455352642100293e+03, 1.187219342190021e+03, 4.655806870759600e+00, 1.831167966746171e-01
96, 1.322166984316482e-01, 3.540855040331866e-02, 9.428142367613640e-22, 1.141055138814779e-15, 1.152370668430259e-20, 3.424495178581931e-03, 9.213108856071957e-04, 1.936480391629296e+01, 5.161757285901244e+00, 5.267505574638538e+04, 1.763720790047842e+02, 2.169480696642715e-19, 2.625646708483266e-13, 2.651684523904254e-18, 7.880000000000000e-01, 2.119999999997374e-01, 3.039770969981598e+03, 2.420603425695915e+03, 9.920941738901129e+02, 4.455975170143976e+03, 1.187756013420495e+03, 4.660136147147790e+00, 1.834659148544504e-01
97, 1.368001042322728e-01, 3.663601831951517e-02, 9.826788640442235e-22, 1.202903013544802e-15, 1.239227067822498e-20, 3.434402380949669e-03, 9.239762750766268e-04, 1.942305350307117e+01, 5.177513216644316e+00, 5.283092165296643e+04, 1.781455201778521e+02, 2.254689052051982e-19, 2.759978213185368e-13, 2.843321256882272e-18, 7.879999999999999e-01, 2.119999999997240e-01, 3.045090299290092e+03, 2.417844345778691e+03, 9.943010155474816e+02, 4.456486009128578e+03, 1.187944789855278e+03, 4.663342554855191e+00, 1.838252263852539e-01
98, 1.415524108020030e-01, 3.790871903510071e-02, 1.006562899396598e-21, 1.245064806638243e-15, 1.300692001805969e-20, 3.444630746282850e-03, 9.267280687956639e-04, 1.948296491187512e+01, 5.192958938192612e+00, 5.299113629762456e+04, 1.794958376181519e+02, 2.302631611764025e-19, 2.848232916371853e-13, 2.975486700654741e-18, 7.880000000000000e-01, 2.119999999997152e-01, 3.051286051613686e+03, 2.415569790141710e+03, 9.957252139912289e+02, 4.456958519320184e+03, 1.187950739774232e+03, 4.666001002079906e+00, 1.842437387808513e-01
99, 1.464799102645229e-01, 3.922833762451179e-02, 1.058078302582423e-21, 1.326530117313627e-15, 1.416941513961090e-20, 3.450572153818842e-03, 9.283265185387681e-04, 1.952025328840102e+01, 5.202483798082211e+00, 5.308787804350124e+04, 1.814052278607446e+02, 2.416311455803637e-19, 3.029369292528110e-13, 3.235839922273825e-18, 7.880000000000000e-01, 2.119999999996971e-01, 3.051208039822335e+03, 2.411348861199948e+03, 9.984914960479699e+02, 4.457799722934752e+03, 1.188080425546729e+03, 4.670939781809545e+00, 1.842384692187420e-01
100, 1.515891417382304e-01, 4.059662530908530e-02, 1.057363078015566e-21, 1.358648109120801e-15, 1.473516876406032e-20, 3.460574353218737e-03, 9.310174655854081e-04, 1.958274777776602e+01, 5.217260775770579e+00, 5.324937365129017e+04, 1.825705251826772e+02, 2.407698897442533e-19, 3.093748611386994e-13, 3.355313829705654e-18, 7.879999999999999e-01, 2.119999999996906e-01, 3.052443222204472e+03, 2.405352603749600e+03, 9.995909861150561e+02, 4.459145700634002e+03, 1.188011315949134e+03, 4.678058621716025e+00, 1.843219036607192e-01
101, 1.568867156612559e-01, 4.201535241007798e-02, 1.090427659244959e-21, 1.430254375563857e-15, 1.580815617904858e-20, 3.468580566552709e-03, 9.331714214569129e-04, 1.963143512693567e+01, 5.231975335643351e+00, 5.337817115602398e+04, 1.843785368122489e+02, 2.477258287643036e-19, 3.249284329193027e-13, 3.591332774337328e-18, 7.879999999999999e-01, 2.119999999996751e-01, 3.053902810938431e+03, 2.400948058299242e+03, 1.001962142041364e+03, 4.459913957080122e+03, 1.188612023097520e+03, 4.683257787013042e+00, 1.844204963651613e-01
102, 1.623795444791689e-01, 4.348637012843689e-02, 1.117761524058830e-21, 1.498671577680161e-15, 1.685592582424893e-20, 3.475661606094420e-03, 9.350764727041067e-04, 1.967449658732960e+01, 5.246779512587780e+00, 5.349271769497209e+04, 1.860577110616275e+02, 2.534182497553618e-19, 3.397779579983325e-13, 3.821565806699344e-18, 7.879999999999999e-01, 2.119999999996602e-01, 3.054561249794226e+03, 2.396573159049812e+03, 1.004179820413354e+03, 4.460590548755096e+03, 1.189546832945294e+03, 4.688438944479906e+00, 1.844649727755310e-01
103, 1.680748718576803e-01, 4.501161836816416e-02, 1.135856089579508e-21, 1.555936378270109e-15, 1.775691847690665e-20, 3.480417358155659e-03, 9.363559389946366e-04, 1.970495039629083e+01, 5.255825269862973e+00, 5.357136017766916e+04, 1.873992480442779e+02, 2.571687549170709e-19, 3.522789768887281e-13, 4.020337310125736e-18, 7.879999999999999e-01, 2.119999999996477e-01, 3.053292478602158e+03, 2.392304303030979e+03, 1.006022321577942e+03, 4.461390492692377e+03, 1.189969445172154e+03, 4.693516509028751e+00, 1.843792694673088e-01
104, 1.736973472536992e-01, 4.651735634084748e-02, 1.162763392346188e-21, 1.616345063151412e-15, 1.866660825884216e-20, 3.483422723945787e-03, 9.371644891817680e-04, 1.972412565234046e+01, 5.261636656240507e+00, 5.362112354053805e+04, 1.886738633060928e+02, 2.630336958159706e-19, 3.656403516598105e-13, 4.222653543267332e-18, 7.880000000000000e-01, 2.119999999996343e-01, 3.052424916569413e+03, 2.389561150578457e+03, 1.007902136340586e+03, 4.461879090126236e+03, 1.190257403046684e+03, 4.696765387974797e+00, 1.843206671466074e-01
105, 1.778935653319111e-01, 4.764113269503090e-02, 1.218110400683265e-21, 1.701032004771007e-15, 1.986347811748677e-20, 3.489591662154289e-03, 9.388241527606202e-04, 1.975766652174259e+01, 5.274412977726502e+00, 5.371589663719296e+04, 1.904358154573164e+02, 2.750668527061529e-19, 3.841174984158616e-13, 4.485459123007132e-18, 7.880000000000000e-01, 2.119999999996159e-01, 3.058017364436294e+03, 2.389707112250816e+03, 1.010302753814321e+03, 4.461565342439425e+03, 1.191038330221893e+03, 4.696518424452581e+00, 1.846984273655092e-01
106, 1.808818454983137e-01, 4.844141488439446e-02, 1.254172542230749e-21, 1.759112000716282e-15, 2.069688654900156e-20, 3.490371501855026e-03, 9.390339573501006e-04, 1.976235307148351e+01, 5.277440117135218e+00, 5.372915747653860e+04, 1.914647128457643e+02, 2.831469265528284e-19, 3.971440449326721e-13, 4.672610520669624e-18, 7.880000000000000e-01, 2.119999999996028e-01, 3.057444127650263e+03, 2.388725330133310e+03, 1.011956100080980e+03, 4.461626566700012e+03, 1.191455640206887e+03, 4.697653156478213e+00, 1.846597062081684e-01
107, 1.830102782198245e-01, 4.901142395430518e-02, 1.287491694045261e-21, 1.808639033834761e-15, 2.139642055654130e-20, 3.494233749759254e-03, 9.400730392735236e-04, 1.978283407449516e+01, 5.286342500097754e+00, 5.378811048841009e+04, 1.924618678483252e+02, 2.903479067413751e-19, 4.078741322786393e-13, 4.825200775339140e-18, 7.880000000000000e-01, 2.119999999995921e-01, 3.061327960772906e+03, 2.389116037286045e+03, 1.013268305995375e+03, 4.461313800708447e+03, 1.192146315444419e+03, 4.697142975196817e+00, 1.849220524446487e-01
108, 1.845266076094257e-01, 4.941750749939901e-02, 1.310247204438811e-21, 1.842073844303929e-15, 2.187008768053656e-20, 3.495426480137294e-03, 9.403939261264654e-04, 1.978906807196252e+01, 5.289914670989382e+00, 5.380656354063084e+04, 1.930590934268932e+02, 2.953787765140547e-19, 4.152724131261033e-13, 4.930336595603608e-18, 7.880000000000000e-01, 2.119999999995847e-01, 3.062280036276542e+03, 2.389043572297468e+03, 1.014154851367088e+03, 4.461196860903213e+03, 1.192544825195666e+03, 4.697203961193367e+00, 1.849863635047114e-01
109, 1.856071385576787e-01, 4.970688119423033e-02, 1.327656365626666e-21, 1.867576515516466e-15, 2.223212375849724e-20, 3.495803718568290e-03, 9.404954166687889e-04, 1.979097479799174e+01, 5.291655030760153e+00, 5.381259274337713e+04, 1.934844077186489e+02, 2.992711548868890e-19, 4.209762368551091e-13, 5.011412233656734e-18, 7.880000000000000e-01, 2.119999999995790e-01, 3.062388314448652e+03, 2.388870230638565e+03, 1.014828698822104e+03, 4.461145246222392e+03, 1.192808435465237e+03, 4.697392912211333e+00, 1.849936775086989e-01
110, 1.864563448972940e-01, 4.993430455176207e-02, 1.342701853954068e-21, 1.889546681827838e-15, 2.254435213913120e-20, 3.495995524837794e-03, 9.405470193707149e-04, 1.979191228369272e+01, 5.292860648913973e+00, 5.381576687558118e+04, 1.938406775990402e+02, 3.026459998014147e-19, 4.259052320581618e-13, 5.081513794689320e-18, 7.880000000000000e-01, 2.119999999995741e-01, 3.062334774481190e+03, 2.388697403807137e+03, 1.015404027160677e+03, 4.461111797410977e+03, 1.193014739782233e+03, 4.697584184051528e+00, 1.849900609761340e-01
111, 1.872983059985922e-01, 5.015978758413685e-02, 1.359037793573395e-21, 1.912984086859687e-15, 2.287698714035109e-20, 3.496113460516041e-03, 9.405787482587478e-04, 1.979244251807749e+01, 5.293892671626385e+00, 5.381780214723276e+04, 1.942114293286279e+02, 3.063177993021321e-19, 4.311734952168656e-13, 5.156316026407159e-18, 7.880000000000000e-01, 2.119999999995688e-01, 3.062218257429797e+03, 2.388525941864567e+03, 1.016009741052073e+03, 4.461080820284064e+03, 1.193207106220702e+03, 4.697772908528802e+00, 1.849821904500445e-01
112, 1.881402670998902e-01, 5.038527061651158e-02, 1.375794723632877e-21, 1.936854359745912e-15, 2.321573756437627e-20, 3.496277232207422e-03, 9.406228086630042e-04, 1.979320294578203e+01, 5.295015214141799e+00, 5.382051340845536e+04, 1.945864832088743e+02, 3.100801710561806e-19, 4.365332421068238e-13, 5.232422941809547e-18, 7.880000000000000e-01, 2.119999999995635e-01, 3.062171479855289e+03, 2.388377574432136e+03, 1.016617827272627e+03, 4.461043242680396e+03, 1.193404215863452e+03, 4.697933707537404e+00, 1.849790307054735e-01
113, 1.889822282011882e-01, 5.061075364888633e-02, 1.393302130583686e-21, 1.961736171068967e-15, 2.356921722282372e-20, 3.496382453852620e-03, 9.406511170243773e-04, 1.979365331617020e+01, 5.295985994433654e+00, 5.382233253559127e+04, 1.949699839514117e+02, 3.140165852537551e-19, 4.421278630714428e-13, 5.311931236561447e-18, 7.880000000000000e-01, 2.119999999995578e-01, 3.062064256349923e+03, 2.388222069815521e+03, 1.017244793737269e+03, 4.461010492703836e+03, 1.193587091427965e+03, 4.698102551593049e+00, 1.849717879424076e-01
114, 1.898241893024864e-01, 5.083623668126110e-02, 1.410307676257924e-21, 1.986013144055995e-15, 2.391497675153853e-20, 3.496335827792101e-03, 9.406385729573100e-04, 1.979329856515026e+01, 5.296666273037561e+00, 5.382185974503743e+04, 1.953334308257782e+02, 3.178534624899098e-19, 4.476052743778882e-13, 5.389928945158789e-18, 7.880000000000000e-01, 2.119999999995524e-01, 3.061778464179356e+03, 2.388031015097110e+03, 1.017852008767726e+03, 4.460990030007450e+03, 1.193756329119360e+03, 4.698314879500271e+00, 1.849524831736402e-01
115, 1.906661504037847e-01, 5.106171971363592e-02, 1.427512901176438e-21, 2.010491345500142e-15, 2.426390336184196e-20, 3.496261223525152e-03, 9.406185017585631e-04, 1.979281082591773e+01, 5.297191132668877e+00, 5.382094982765087e+04, 1.956942999711529e+02, 3.217380207628932e-19, 4.531318110884042e-13, 5.468686298517912e-18, 7.880000000000000e-01, 2.119999999995469e-01, 3.061474607392319e+03, 2.387844973766015e+03, 1.018457053910704e+03, 4.460975291513704e+03, 1.193900096610744e+03, 4.698521232022500e+00, 1.849319581711515e-01
116, 1.915081115050830e-01, 5.128720274601074e-02, 1.444630056293741e-21, 2.035087832677710e-15, 2.461570181991478e-20, 3.496015532567710e-03, 9.405524021608514e-04, 1.979141800497625e+01, 5.297429271823367e+00, 5.381747774974358e+04, 1.960455699389716e+02, 3.256188291370012e-19, 4.587076908586292e-13, 5.548365804841333e-18, 7.879999999999999e-01, 2.119999999995412e-01, 3.060949416094727e+03, 2.387603125404285e+03, 1.019061621825890e+03, 4.460974856272104e+03, 1.194037677267089e+03, 4.698794956059241e+00, 1.848964824037834e-01
117, 1.923500726063814e-01, 5.151268577838557e-02, 1.460950872658644e-21, 2.058444006674545e-15, 2.494981137518824e-20, 3.495925506047959e-03, 9.405281818281030e-04, 1.979085752090293e+01, 5.297889142745335e+00, 5.381632811628609e+04, 1.963820582379730e+02, 3.293060122887007e-19, 4.639841079145949e-13, 5.623818736879750e-18, 7.880000000000000e-01, 2.119999999995360e-01, 3.060634363025802e+03, 2.387418856418223e+03, 1.019626863468805e+03, 4.460963398531172e+03, 1.194172083261220e+03, 4.699000388149045e+00, 1.848752011117417e-01
118, 1.938060252885054e-01, 5.235167164821233e-02, 1.051584847106780e-10, 9.789232078238761e-09, 4.687818069389757e-10, 1.181407659108682e-02, 3.178396440500134e-03, 5.158262928440374e+01, 2.174963253575454e+01, 1.663651488551103e+05, 1.764055650913015e+03, 7.014080452304289e-09, 6.529426660336088e-07, 3.126778897102798e-08, 7.879999783902693e-01, 2.119993303851952e-01, 2.584398382340002e+04, 5.965388710237072e+03, 1.452975306163731e+03, 3.440566044077437e+03, 1.450702459564318e+03, 2.403566489509154e+00, 1.723851206670435e+00
119, 1.944200168693315e-01, 5.296517448566464e-02, 3.481526931651833e-08, 9.733341464600920e-07, 1.677475420904503e-07, 1.459785268612791e-02, 3.926308733063199e-03, 5.430720915529099e+01, 3.179879575577794e+01, 1.999782789267027e+05, 4.851827675968208e+03, 1.879332544523712e-06, 5.254069763208110e-05, 9.055033073228893e-06, 7.879938938225224e-01, 2.119426311142277e-01, 3.752333600645138e+04, 7.009177918534499e+03, 2.100108912919669e+03, 2.931509868268370e+03, 1.716502928562503e+03, 2.017304074186804e+00, 2.512771325788441e+00
120, 1.950340084501591e-01, 5.357867732311846e-02, 2.376525796063467e-07, 5.132659331404271e-06, 1.187138316270354e-06, 1.518557518709262e-02, 4.079906690095677e-03, 5.067886574887123e+01, 3.799323007677562e+01, 2.066750015929880e+05, 7.333672622931364e+03, 1.233147024914339e-05, 2.663267360659008e-04, 6.159899822234079e-05, 7.879589144201399e-01, 2.117008283753228e-01, 4.039960683135926e+04, 7.252589482888638e+03, 2.567717997674013e+03, 2.629657655211280e+03, 1.971417213887068e+03, 1.918415040911224e+00, 2.707058464855526e+00
121, 1.956480000309866e-01, 5.419218016057227e-02, 5.290461887937985e-07, 1.080633180931729e-05, 2.872701151582416e-06, 1.501773609103331e-02, 4.028469662304731e-03, 4.681866425902307e+01, 4.131585193913821e+01, 2.046541367432859e+05, 8.703922737103290e+03, 2.775628029083292e-05, 5.669515837530409e-04, 1.507155708595376e-04, 7.879018904319990e-01, 2.113526861330975e-01, 3.970735526387321e+04, 7.205399024177308e+03, 2.852924249550842e+03, 2.456329892440345e+03, 2.167626175498715e+03, 1.918154577083682e+00, 2.660298064062643e+00
122, 1.962619916118142e-01, 5.480568299802609e-02, 7.661253529548325e-07, 1.606291570773922e-05, 4.647050022520958e-06, 1.456659229293141e-02, 3.901179888059772e-03, 4.416070317373098e+01, 4.228764002155869e+01, 1.993554384291603e+05, 9.400055136688110e+03, 4.143626293947088e-05, 8.687706212480340e-04, 2.513379643205788e-04, 7.878412404106419e-01, 2.109972147408500e-01, 3.768350173036707e+04, 7.047377187058518e+03, 3.042448239368035e+03, 2.388453144438001e+03, 2.287147611373073e+03, 1.957507944799066e+00, 2.523590244510110e+00
123, 1.968759831926407e-01, 5.541918583547877e-02, 9.620378193928563e-07, 2.129686624924874e-05, 6.498624066412991e-06, 1.419280035487569e-02, 3.794680592203142e-03, 4.285160912440847e+01, 4.222759768667577e+01, 1.950548407829840e+05, 9.938560078633149e+03, 5.339837284660694e-05, 1.182092825788704e-03, 3.607092610010448e-04, 7.877782243170043e-01, 2.106255752233593e-01, 3.591994039706585e+04, 6.891907407401504e+03, 3.198643074947824e+03, 2.378499217989494e+03, 2.343863162378264e+03, 1.998484849982213e+00, 2.404464714657614e+00
124, 1.974899747734663e-01, 5.603268867293071e-02, 1.167658646787732e-06, 2.727835237367148e-05, 8.632257111309436e-06, 1.398028242808789e-02, 3.730709839220302e-03, 4.237435608754042e+01, 4.202170802912109e+01, 1.927707186100252e+05, 1.048965125691840e+04, 6.579073733429845e-05, 1.536975657111635e-03, 4.863772145863543e-04, 7.877071707694411e-01, 2.102036856215266e-01, 3.476605128403943e+04, 6.769058053391189e+03, 3.339579239588624e+03, 2.387547198605383e+03, 2.367677542480501e+03, 2.030120810024190e+00, 2.326521492959170e+00
125, 1.981039663542920e-01, 5.664619151038264e-02, 1.425567682377919e-06, 3.507558551865431e-05, 1.141329864580747e-05, 1.387969794739513e-02, 3.694787583992803e-03, 4.228294267833046e+01, 4.197975897702112e+01, 1.919578423576753e+05, 1.112727534343293e+04, 8.089520631322326e-05, 1.990397763756571e-03, 6.476585854744881e-04, 7.876167809492297e-01, 2.096642674952261e-01, 3.396778499205060e+04, 6.657983135625828e+03, 3.483091454393343e+03, 2.399386162983290e+03, 2.382181712874464e+03, 2.057786054466102e+00, 2.272599980165197e+00
126, 1.987179579351177e-01, 5.725969434783457e-02, 1.739336182533039e-06, 4.489108612175269e-05, 1.498110074896662e-05, 1.386084769193196e-02, 3.678530800639141e-03, 4.240424104809172e+01, 4.208079578470625e+01, 1.921878911687240e+05, 1.181635716466262e+04, 9.882036072908597e-05, 2.550486426155745e-03, 8.511510281903426e-04, 7.875038665227194e-01, 2.089956756622053e-01, 3.346325254832287e+04, 6.563648804400331e+03, 3.624126710584639e+03, 2.409196358298573e+03, 2.390819820211889e+03, 2.079853046864947e+00, 2.238519682785160e+00
127, 1.993319495159453e-01, 5.787319718528838e-02, 2.126579328803593e-06, 5.699847088735764e-05, 1.952264926988808e-05, 1.394450504554597e-02, 3.687183170704178e-03, 4.278347274587409e+01, 4.236727180728013e+01, 1.937194196936466e+05, 1.256259928406943e+04, 1.200756066356742e-04, 3.218373223328457e-03, 1.102330828888547e-03, 7.873653617803960e-01, 2.081938585607515e-01, 3.333357854403280e+04, 6.493814084559604e+03, 3.757907478384896e+03, 2.415734684504748e+03, 2.392234230274281e+03, 2.093682018852450e+00, 2.229760427193956e+00
128, 1.999459410967732e-01, 5.848670002274249e-02, 2.568889075326741e-06, 7.137375639732961e-05, 2.510173039998130e-05, 1.404718915320938e-02, 3.698278408304275e-03, 4.319718038899145e+01, 4.272447264672680e+01, 1.955159056954208e+05, 1.330509001950511e+04, 1.439596153899073e-04, 3.999759514172726e-03, 1.406691899899504e-03, 7.871994035196286e-01, 2.072501854509093e-01, 3.325727832259661e+04, 6.425575148112996e+03, 3.885441559137427e+03, 2.420754377623991e+03, 2.394264006583118e+03, 2.106924373742904e+00, 2.224606478683737e+00
129, 2.005599326776022e-01, 5.910020286019781e-02, 3.014283657173148e-06, 8.704242224423256e-05, 3.134343231246478e-05, 1.412797273457259e-02, 3.701918977949875e-03, 4.353564981611247e+01, 4.306081581237460e+01, 1.970299039186556e+05, 1.398232213913530e+04, 1.679145814260440e-04, 4.848811047582752e-03, 1.746026557480269e-03, 7.870170488032638e-01, 2.062201990102471e-01, 3.311223772913465e+04, 6.354508390306009e+03, 4.002459956302220e+03, 2.425209849971143e+03, 2.398758605810774e+03, 2.121587772287707e+00, 2.214809236467083e+00
130, 2.011739242584307e-01, 5.971370569765253e-02, 3.501960806130507e-06, 1.056968598976293e-04, 3.882769247603950e-05, 1.421216233934768e-02, 3.702995000471878e-03, 4.388593327064475e+01, 4.341656155704926e+01, 1.986225970151093e+05, 1.468359971420092e+04, 1.938728429400895e-04, 5.851507727419742e-03, 2.149548650560417e-03, 7.868027284120113e-01, 2.050023423670685e-01, 3.295404111617598e+04, 6.279171827574934e+03, 4.122054237474214e+03, 2.429579061354544e+03, 2.403594067932825e+03, 2.137134909425860e+00, 2.204123327798233e+00
131, 2.017879158392583e-01, 6.032720853510635e-02, 3.995897700370956e-06, 1.263255036679856e-04, 4.722861027452441e-05, 1.430114766957992e-02, 3.703015073127187e-03, 4.424884567594261e+01, 4.378010292029270e+01, 2.002780794291293e+05, 1.535408790342649e+04, 2.197756478918596e-04, 6.947942989461327e-03, 2.597588627244423e-03, 7.865676827480602e-01, 2.036670099873422e-01, 3.281814266473729e+04, 6.206261581981221e+03, 4.233446447965680e+03, 2.433700624016076e+03, 2.407919622963919e+03, 2.152076511290501e+00, 2.194943621525435e+00
132, 2.024019074200850e-01, 6.094071137255926e-02, 4.504905857266296e-06, 1.496314175951102e-04, 5.681140912804505e-05, 1.439092291192422e-02, 3.700092685868894e-03, 4.461155288492158e+01, 4.414843353792794e+01, 2.019564741146727e+05, 1.600999557948306e+04, 2.461433112910927e-04, 8.175703059506474e-03, 3.104115558671353e-03, 7.863048708026510e-01, 2.021691672678801e-01, 3.268140444216893e+04, 6.132903247111143e+03, 4.340752655775304e+03, 2.437528262931509e+03, 2.412223909587896e+03, 2.167047753879956e+00, 2.185707190159563e+00
133, 2.030158990009110e-01, 6.155421421001157e-02, 4.992490422874633e-06, 1.743460132475840e-04, 6.710632269716077e-05, 1.448012810282361e-02, 3.695312216562454e-03, 4.497240637147917e+01, 4.450952424160115e+01, 2.036179804822065e+05, 1.661632534747503e+04, 2.710086608061076e-04, 9.464070146359123e-03, 3.642750031618183e-03, 7.860285735285533e-01, 2.005935976326634e-01, 3.255733970565347e+04, 6.062725220745141e+03, 4.437777613182446e+03, 2.441248874133030e+03, 2.416122122651534e+03, 2.181402158644567e+00, 2.177326830943051e+00
134, 2.036298905817386e-01, 6.216771704746538e-02, 5.476815091963981e-06, 2.014734710426918e-04, 7.847471223323460e-05, 1.457269028259698e-02, 3.688583586619088e-03, 4.533898988664663e+01, 4.488033030277761e+01, 2.053311568358210e+05, 1.720437639662953e+04, 2.952986475418757e-04, 1.086303673128744e-02, 4.231195685739698e-03, 7.857296000026843e-01, 1.988808689327467e-01, 3.244432101689659e+04, 5.993398652317800e+03, 4.529831082690021e+03, 2.444585433254131e+03, 2.419855448304050e+03, 2.195458748926196e+00, 2.169692613222823e+00
135, 2.042438821625666e-01, 6.278121988491957e-02, 5.927404211141972e-06, 2.295297092287470e-04, 9.034837497953718e-05, 1.466762514835378e-02, 3.681349477367720e-03, 4.571267548829564e+01, 4.524870819334412e+01, 2.070621305640050e+05, 1.774490601632038e+04, 3.174015530524839e-04, 1.229089219931122e-02, 4.837988689951084e-03, 7.854242491051958e-01, 1.971294684524894e-01, 3.235539581829132e+04, 5.928309644212337e+03, 4.611684833832000e+03, 2.447829383205486e+03, 2.422984791080934e+03, 2.208614694389164e+00, 2.163685869254774e+00
136, 2.048578737433964e-01, 6.339472272237563e-02, 6.366558505469664e-06, 2.597044025097815e-04, 1.031598692625373e-04, 1.476754467363134e-02, 3.672952607864655e-03, 4.609454705843400e+01, 4.563173198240662e+01, 2.088632617140028e+05, 1.826732122401414e+04, 3.384715859600635e-04, 1.380691953474977e-02, 5.484389176150037e-03, 7.851014425023892e-01, 1.952687772007508e-01, 3.228434746370173e+04, 5.864822822444911e+03, 4.688443889703913e+03, 2.450569555525979e+03, 2.425964464305246e+03, 2.221274235780301e+00, 2.158886675302279e+00
137, 2.054718653242259e-01, 6.400822555983141e-02, 6.767097323458410e-06, 2.902818556176912e-04, 1.162426672702651e-04, 1.486931856971184e-02, 3.664530892290295e-03, 4.647973173898523e+01, 4.601296434684941e+01, 2.106722800340639e+05, 1.874368777820780e+04, 3.571566440601933e-04, 1.532061509217296e-02, 6.135103273146935e-03, 7.847790073020712e-01, 1.934081176885487e-01, 3.223701379397930e+04, 5.805839414229554e+03, 4.755610947719430e+03, 2.453126386577532e+03, 2.428491145297041e+03, 2.232985632465307e+00, 2.155689367457594e+00
138, 2.060858569050542e-01, 6.462172839728597e-02, 7.156008744090635e-06, 3.227281152547478e-04, 1.301024838617984e-04, 1.497596119104289e-02, 3.655230373431346e-03, 4.686424394470286e+01, 4.641660868026421e+01, 2.125486608288655e+05, 1.920504124957212e+04, 3.748332700838990e-04, 1.690456777164307e-02, 6.814795959022089e-03, 7.844440534709709e-01, 1.914617495282800e-01, 3.220724129193305e+04, 5.748538337776798e+03, 4.818444522524202e+03, 2.454759131241784e+03, 2.431311900253844e+03, 2.244169501797436e+00, 2.153678286235567e+00
139, 2.066998484858817e-01, 6.523523123473965e-02, 7.508152887765415e-06, 3.558822986849290e-04, 1.443149253906197e-04, 1.507769686410602e-02, 3.643748158496883e-03, 4.722822418465181e+01, 4.681474259985840e+01, 2.143529867316005e+05, 1.962367134554508e+04, 3.904568185152262e-04, 1.850743747331433e-02, 7.505007886041356e-03, 7.841062423873991e-01, 1.894908554347300e-01, 3.217176991660280e+04, 5.692836872900449e+03, 4.874181088209096e+03, 2.456074408036105e+03, 2.434571555533440e+03, 2.255239524128714e+00, 2.151282255941059e+00
140, 2.073138400667077e-01, 6.584873407219195e-02, 7.803310490349465e-06, 3.882459769539930e-04, 1.584591654242982e-04, 1.516960810307495e-02, 3.630425795780350e-03, 4.757548145512140e+01, 4.717464922991642e+01, 2.160036158800368e+05, 1.997306031527303e+04, 4.031772153814017e-04, 2.005968262635832e-02, 8.187182240978379e-03, 7.837750863545356e-01, 1.875748715627462e-01, 3.212871155777483e+04, 5.640571443185819e+03, 4.919282905513769e+03, 2.458104179915356e+03, 2.437394197838757e+03, 2.265980267175192e+00, 2.148373737981914e+00
141, 2.079278316475338e-01, 6.646223690964426e-02, 8.068519875874368e-06, 4.202207597925714e-04, 1.725575644012615e-04, 1.526569102360133e-02, 3.618625287683249e-03, 4.793621512141419e+01, 4.753801416453979e+01, 2.176946528735201e+05, 2.029249465989140e+04, 4.140853125808821e-04, 2.156619148847618e-02, 8.855843958065331e-03, 7.834520502542728e-01, 1.857118289866048e-01, 3.211228114643620e+04, 5.592394103165586e+03, 4.957636803211586e+03, 2.460139273108518e+03, 2.439703162119888e+03, 2.275861768113286e+00, 2.147263892001823e+00
142, 2.085418232283599e-01, 6.707573974709657e-02, 8.316619945946078e-06, 4.529152834160927e-04, 1.869608701609600e-04, 1.536189856257776e-02, 3.606009676338389e-03, 4.828714923574572e+01, 4.790590030942900e+01, 2.193821735619434e+05, 2.059372231301446e+04, 4.239690619798637e-04, 2.308895550287419e-02, 9.530990386030466e-03, 7.831270114706449e-01, 1.838290735784707e-01, 3.210343178166181e+04, 5.546032320434749e+03, 4.992498867929903e+03, 2.461607900832354e+03, 2.442172390886979e+03, 2.285288224053615e+00, 2.146666132656740e+00
143, 2.091558148091877e-01, 6.768924258455068e-02, 8.528422564119907e-06, 4.854461102761650e-04, 2.014881391810450e-04, 1.545090447511773e-02, 3.591559973085854e-03, 4.862463427382961e+01, 4.824731575148653e+01, 2.209619773925307e+05, 2.085168043362072e+04, 4.320829898789659e-04, 2.459458418907332e-02, 1.020817120023641e-02, 7.828027928670185e-01, 1.819623687537928e-01, 3.208548330875916e+04, 5.501381282125748e+03, 5.021223367100949e+03, 2.463512707167983e+03, 2.444396286277135e+03, 2.294592316846627e+00, 2.145453744233271e+00
144, 2.097698063900161e-01, 6.830274542200525e-02, 8.715704710794328e-06, 5.175137132832827e-04, 2.159524029019376e-04, 1.553935199855511e-02, 3.577442352546761e-03, 4.896615160200044e+01, 4.857817422556419e+01, 2.225216001198157e+05, 2.108071775621241e+04, 4.388798614444129e-04, 2.605943573329838e-02, 1.087429689383690e-02, 7.824850517956885e-01, 1.801423357157318e-01, 3.207775379624154e+04, 5.459461006547103e+03, 5.044751302735011e+03, 2.465693658016725e+03, 2.446157032710566e+03, 2.303400896966747e+00, 2.144931628978884e+00
145, 2.103837979708436e-01, 6.891624825945906e-02, 8.890059260003613e-06, 5.492763309899954e-04, 2.303465078082859e-04, 1.562978017206953e-02, 3.564187702741744e-03, 4.931018960637728e+01, 4.890690049114992e+01, 2.240933702390512e+05, 2.129200363738068e+04, 4.448926717884673e-04, 2.748789488318959e-02, 1.152742296747409e-02, 7.821741629442857e-01, 1.783656265332622e-01, 3.208935793131062e+04, 5.420847622429884e+03, 5.064506084374478e+03, 2.467671064812248e+03, 2.447488930280938e+03, 2.311356377189263e+00, 2.145715468311535e+00
146, 2.109977895516708e-01, 6.952975109691242e-02, 9.071417697086129e-06, 5.830455753243327e-04, 2.456149736536530e-04, 1.572420325047960e-02, 3.549646674571804e-03, 4.965409548790213e+01, 4.925383729250075e+01, 2.257260617511667e+05, 2.149886729639250e+04, 4.510544096393501e-04, 2.899053781364591e-02, 1.221261335761432e-02, 7.818481577000285e-01, 1.764976367190719e-01, 3.211179008549758e+04, 5.382687469265623e+03, 5.082705648991151e+03, 2.468930378287592e+03, 2.449028502962407e+03, 2.318966179405815e+00, 2.147230721681404e+00
147, 2.116117811324961e-01, 7.014325393436399e-02, 9.234570805678553e-06, 6.160808839059669e-04, 2.606927720138844e-04, 1.581581575817260e-02, 3.535156260849616e-03, 4.998679106987439e+01, 4.959013349222008e+01, 2.273053608355775e+05, 2.167766365114924e+04, 4.563215802722814e-04, 3.044332091174619e-02, 1.288199962880638e-02, 7.815304243080370e-01, 1.746879335711381e-01, 3.214014386493239e+04, 5.347224074977972e+03, 5.096529943920095e+03, 2.470071644230505e+03, 2.450471013462599e+03, 2.326036318273053e+00, 2.149145970635161e+00
148, 2.122257727133214e-01, 7.075675677181555e-02, 9.392253707879496e-06, 6.498705184281621e-04, 2.762307838340544e-04, 1.590582963649642e-02, 3.519292368984705e-03, 5.030896325011410e+01, 4.992662339583314e+01, 2.288620349967395e+05, 2.183626735750891e+04, 4.612951744770361e-04, 3.191801920068482e-02, 1.356691711998347e-02, 7.812057345953207e-01, 1.728480339095340e-01, 3.216851977013264e+04, 5.312566290073290e+03, 5.107314756845662e+03, 2.470895985353416e+03, 2.452117581865220e+03, 2.332922448481260e+00, 2.151062714146257e+00
149, 2.128397642941467e-01, 7.137025960926710e-02, 9.528692286496157e-06, 6.820843982034582e-04, 2.912813664711500e-04, 1.599161355459001e-02, 3.504059192886884e-03, 5.061902619745591e+01, 5.024605011892560e+01, 2.303419491813927e+05, 2.196592099808080e+04, 4.653007308260878e-04, 3.330723245401859e-02, 1.422371807379303e-02, 7.808951375819104e-01, 1.711086111594518e-01, 3.220078888423969e+04, 5.280834878987431e+03, 5.113891041245558e+03, 2.471805067811874e+03, 2.453592071033004e+03, 2.339299839496217e+00, 2.153242437211901e+00
150, 2.134537558749734e-01, 7.198376244672000e-02, 9.671360727252872e-06, 7.156265462054516e-04, 3.070115658149376e-04, 1.607907609382440e-02, 3.487674007681804e-03, 5.092076396182419e+01, 5.058174795083382e+01, 2.318492135793206e+05, 2.208653289110770e+04, 4.695049641654912e-04, 3.474073870342566e-02, 1.490415446920025e-02, 7.805733089835404e-01, 1.693122928796684e-01, 3.223828083433466e+04, 5.249468952313105e+03, 5.118717689753987e+03, 2.471994596562482e+03, 2.455536757321409e+03, 2.345480147363762e+00, 2.155774953850778e+00
151, 2.140677474558010e-01, 7.259726528417382e-02, 9.816051874366938e-06, 7.489695866328242e-04, 3.226736435172534e-04, 1.617259510865239e-02, 3.473145649144807e-03, 5.122761531990913e+01, 5.094207494757787e+01, 2.334323163933520e+05, 2.220543106813953e+04, 4.735831108643754e-04, 3.613462431943939e-02, 1.556764265782761e-02, 7.802595178114349e-01, 1.675646321004337e-01, 3.229798575930772e+04, 5.220314312552635e+03, 5.121761221852761e+03, 2.471516423901410e+03, 2.457740304995688e+03, 2.351076436939751e+00, 2.159807918674806e+00
152, 2.146817390366291e-01, 7.321076812162823e-02, 9.962422846420349e-06, 7.872122034847682e-04, 3.405375345380907e-04, 1.623996850986231e-02, 3.445786562883790e-03, 5.148600314618540e+01, 5.119281593479476e+01, 2.346781587588113e+05, 2.227918372648286e+04, 4.784228646773090e-04, 3.780408875492020e-02, 1.635354625229559e-02, 7.798878221224410e-01, 1.654761200056659e-01, 3.228632410542791e+04, 5.186741990733342e+03, 5.124237960349752e+03, 2.472499059285929e+03, 2.458419405398255e+03, 2.357353058065294e+00, 2.159020194045582e+00
153, 2.152957306174574e-01, 7.382427095908280e-02, 1.002890794660464e-05, 8.137619173763113e-04, 3.541066320674128e-04, 1.630627735154281e-02, 3.431563128762504e-03, 5.174146354864791e+01, 5.144666816137331e+01, 2.358332372893858e+05, 2.230538010079562e+04, 4.794909926907201e-04, 3.890667973563100e-02, 1.693015245850924e-02, 7.796175970513871e-01, 1.640660797617821e-01, 3.231418982337603e+04, 5.163363269649496e+03, 5.117160755065277e+03, 2.473805308843359e+03, 2.459710879655503e+03, 2.362533143680955e+00, 2.160902475286732e+00
154, 2.159097221982835e-01, 7.443777379653511e-02, 1.012125131526265e-05, 8.427687899413451e-04, 3.687003956771225e-04, 1.638753367460421e-02, 3.418493221531706e-03, 5.201898832208161e+01, 5.176420734375224e+01, 2.372107404947711e+05, 2.235939599502343e+04, 4.813313441530626e-04, 4.007913862004434e-02, 1.753410240623297e-02, 7.793338358327415e-01, 1.625715917968281e-01, 3.237102147654734e+04, 5.139681381059706e+03, 5.111621127342073e+03, 2.473841305846505e+03, 2.461724812841438e+03, 2.367464515077961e+00, 2.164741355550540e+00
155, 2.165237137791095e-01, 7.505127663398728e-02, 1.022250162681126e-05, 8.772107272096151e-04, 3.858223997560673e-04, 1.644573069760103e-02, 3.392756312279374e-03, 5.225000860161277e+01, 5.198726595866065e+01, 2.382968792516183e+05, 2.237300923891133e+04, 4.842092764138915e-04, 4.155084410753632e-02, 1.827525118902147e-02, 7.789849932914217e-01, 1.607047021356066e-01, 3.236339997145373e+04, 5.111455283631115e+03, 5.105697118857372e+03, 2.474926371373776e+03, 2.462481039529246e+03, 2.373008874200983e+00, 2.164226536011573e+00
156, 2.171377053599348e-01, 7.566477947143883e-02, 1.024940536293996e-05, 8.994265231863029e-04, 3.981379627777499e-04, 1.650058193633473e-02, 3.380284611264664e-03, 5.246849346007606e+01, 5.220767920637344e+01, 2.392622271673878e+05, 2.236258458209035e+04, 4.837207957561369e-04, 4.244844438419763e-02, 1.879012541273303e-02, 7.787451410150580e-01, 1.595325683922552e-01, 3.238442285937135e+04, 5.092245816644263e+03, 5.094656552150872e+03, 2.476251110176949e+03, 2.463941978683160e+03, 2.377683825001630e+00, 2.165646595872790e+00
157, 2.177516969407601e-01, 7.627828230889039e-02, 1.031022525690964e-05, 9.255057575335566e-04, 4.120183123081747e-04, 1.656734780282321e-02, 3.366526215777793e-03, 5.270220226939507e+01, 5.247970722976043e+01, 2.404156352878949e+05, 2.237623586219754e+04, 4.844641748178012e-04, 4.348832076313075e-02, 1.936020859955809e-02, 7.784782856063457e-01, 1.581887208561478e-01, 3.242366619321538e+04, 5.071560720634450e+03, 5.085480274093142e+03, 2.476408448633287e+03, 2.465953693951239e+03, 2.382250074976243e+00, 2.168297415466685e+00
158, 2.183656885215854e-01, 7.689178514634194e-02, 1.037242006368545e-05, 9.563891096535842e-04, 4.282675634777791e-04, 1.661031422559561e-02, 3.340595563640033e-03, 5.288619221144832e+01, 5.266050517521106e+01, 2.412659903284010e+05, 2.234392237796580e+04, 4.859200675507758e-04, 4.480426534158047e-02, 2.006318699948473e-02, 7.781486828516662e-01, 1.564979447397179e-01, 3.239677058782554e+04, 5.046354923655744e+03, 5.075041312274502e+03, 2.477576296959120e+03, 2.467003464464832e+03, 2.387588244000473e+00, 2.166480663657564e+00
159, 2.189796801024116e-01, 7.750528798379440e-02, 1.033327710912534e-05, 9.724894299144222e-04, 4.384342011553376e-04, 1.664234982952645e-02, 3.328959298881616e-03, 5.304717873398747e+01, 5.281311302622628e+01, 2.418837957646149e+05, 2.229039178337423e+04, 4.830312124058751e-04, 4.545922299602619e-02, 2.049469897185308e-02, 7.779501440389912e-01, 1.556129027807236e-01, 3.237674235927391e+04, 5.029411388821450e+03, 5.061319641683723e+03, 2.479701530113907e+03, 2.468760079361301e+03, 2.392654918580030e+00, 2.165127791322950e+00
160, 2.195936716832384e-01, 7.811879082124745e-02, 1.030615493761921e-05, 9.914217698294644e-04, 4.497903519959517e-04, 1.667103060983821e-02, 3.313106811834898e-03, 5.318447343830804e+01, 5.296791425935710e+01, 2.424720280211941e+05, 2.223540453286478e+04, 4.807949466351573e-04, 4.625105869291391e-02, 2.098327936983830e-02, 7.777243133763554e-01, 1.545605536142573e-01, 3.234093536229765e+04, 5.010335600672624e+03, 5.048601115090979e+03, 2.481121836743635e+03, 2.471019081689273e+03, 2.397980294159864e+00, 2.162709090364453e+00
161, 2.202076632640656e-01, 7.873229365870087e-02, 1.027021349809481e-05, 1.009598583920144e-03, 4.607786191153748e-04, 1.668979469529377e-02, 3.295489491558055e-03, 5.329001947923405e+01, 5.309246946026552e+01, 2.429158020965527e+05, 2.216719667970514e+04, 4.784424774965309e-04, 4.703260042815554e-02, 2.146557753136157e-02, 7.775015314341907e-01, 1.535218481287957e-01, 3.228530948614896e+04, 4.991308943592375e+03, 5.035879205466745e+03, 2.482539330872999e+03, 2.473336375109487e+03, 2.403362659024326e+00, 2.158951658261245e+00
162, 2.208279426328603e-01, 7.935207927898044e-02, 1.019787216741336e-05, 1.026494655793779e-03, 4.713943755299391e-04, 1.668770762831497e-02, 3.273685262706731e-03, 5.334767420195190e+01, 5.315582743900974e+01, 2.430713695216918e+05, 2.206201598813446e+04, 4.749939106591552e-04, 4.781180846571470e-02, 2.195648800258394e-02, 7.772758254058868e-01, 1.524808842151555e-01, 3.217523117186735e+04, 4.970146127914254e+03, 5.021620103293004e+03, 2.484814476761868e+03, 2.475878686757716e+03, 2.409822593662788e+00, 2.151516057771230e+00
163, 2.214867247063483e-01, 8.001033695541925e-02, 1.005890814977250e-05, 1.037107374134369e-03, 4.793254658443272e-04, 1.667011196042693e-02, 3.255068423611955e-03, 5.335818034715354e+01, 5.319043162728646e+01, 2.429840251686617e+05, 2.193279296101142e+04, 4.689102130499607e-04, 4.834622530796556e-02, 2.234443370619886e-02, 7.771008179558019e-01, 1.517396128169838e-01, 3.203427476615510e+04, 4.950230172182592e+03, 5.005908916201886e+03, 2.487366952953822e+03, 2.479547109408128e+03, 2.417015762720784e+00, 2.141994695400950e+00
164, 2.222033280383830e-01, 8.072636986411090e-02, 9.897076943815057e-06, 1.048464020123918e-03, 4.876139461200742e-04, 1.663108673224523e-02, 3.229790512149513e-03, 5.330481911474593e+01, 5.316714222327668e+01, 2.426063779955081e+05, 2.176869047570680e+04, 4.623321920876730e-04, 4.897796303906386e-02, 2.277840476354966e-02, 7.769048204201608e-01, 1.508764795851380e-01, 3.183731510282923e+04, 4.927445484626533e+03, 4.989353975106044e+03, 2.490082072723340e+03, 2.483650632471421e+03, 2.425119052738238e+00, 2.128690409459648e+00
165, 2.229759888227050e-01, 8.149841560280313e-02, 9.613921129750884e-06, 1.051568773526561e-03, 4.924245665298341e-04, 1.653254380358038e-02, 3.198137123176631e-03, 5.306538769609679e+01, 5.301548485953199e+01, 2.413764461887871e+05, 2.150885714311376e+04, 4.516909865558414e-04, 4.940586991874316e-02, 2.313559007384500e-02, 7.767487292784129e-01, 1.502581197424432e-01, 3.149593022578819e+04, 4.900925532158777e+03, 4.969000125692740e+03, 2.493171828323420e+03, 2.490827242677700e+03, 2.436151941422412e+00, 2.105630449143429e+00
166, 2.238153296764035e-01, 8.233708833287685e-02, 9.263223894375249e-06, 1.052030371867668e-03, 4.959623368794301e-04, 1.639175087215646e-02, 3.158260805926635e-03, 5.271684000807611e+01, 5.273397120396341e+01, 2.395501812159681e+05, 2.118466748882579e+04, 4.388641895869374e-04, 4.984209189317964e-02, 2.349723071817370e-02, 7.765927440000731e-01, 1.496290691989866e-01, 3.105272651102951e+04, 4.870718024762031e+03, 4.946776914570660e+03, 2.497568182690344e+03, 2.498379808155243e+03, 2.449005640487843e+00, 2.075692801749907e+00
167, 2.247263668430166e-01, 8.324740030489064e-02, 8.838068524243243e-06, 1.053544137475473e-03, 4.999592029588830e-04, 1.617936607603413e-02, 3.097864397240505e-03, 5.211079490618404e+01, 5.231046452709780e+01, 2.367495700373696e+05, 2.074036972684873e+04, 4.241002921839356e-04, 5.055497989254142e-02, 2.399085767136718e-02, 7.763770852619023e-01, 1.486529768820053e-01, 3.042138032537643e+04, 4.830092307388163e+03, 4.920267741248979e+03, 2.500569359134056e+03, 2.510150631822483e+03, 2.465649870113179e+00, 2.033046454573826e+00
168, 2.257133683504263e-01, 8.423361614933411e-02, 8.332787959193395e-06, 1.047338324609029e-03, 4.998288914934158e-04, 1.589569255692115e-02, 3.027669132887972e-03, 5.134227906250954e+01, 5.162726720955732e+01, 2.329121383110209e+05, 2.020445140773472e+04, 4.068970279577289e-04, 5.114240919564847e-02, 2.440706417012487e-02, 7.762000053781635e-01, 1.478436242281055e-01, 2.963437521708512e+04, 4.785676359705284e+03, 4.892403950731752e+03, 2.507086567115011e+03, 2.521002777464391e+03, 2.484909552659575e+00, 1.979885615338182e+00
169, 2.267846657386780e-01, 8.530406077426431e-02, 7.690445659436034e-06, 1.039656740720042e-03, 4.993628209892859e-04, 1.552514583735979e-02, 2.935677649546130e-03, 5.021390518755685e+01, 5.082398035846546e+01, 2.278749844282379e+05, 1.949993777124321e+04, 3.843774976878942e-04, 5.196326378848988e-02, 2.495873972332385e-02, 7.759650054716858e-01, 1.467286135188127e-01, 2.862892881371722e+04, 4.728988628569694e+03, 4.853722754146549e+03, 2.509749900052695e+03, 2.540242172929969e+03, 2.509627647425555e+00, 1.911969442944403e+00
170, 2.279497513631443e-01, 8.646821897904511e-02, 6.857901752296266e-06, 1.012330663626681e-03, 4.892448739639482e-04, 1.497706870242119e-02, 2.819451800749843e-03, 4.855781774814319e+01, 4.948212452461849e+01, 2.202436777889602e+05, 1.855398756848226e+04, 3.552405135343827e-04, 5.243890592234441e-02, 2.534297027699808e-02, 7.758147855218775e-01, 1.460480977652456e-01, 2.725290806593976e+04, 4.663756439596437e+03, 4.807970645726617e+03, 2.515303475612427e+03, 2.563182728742358e+03, 2.540848775484435e+00, 1.819021612000425e+00
171, 2.292163017824567e-01, 8.773376121169130e-02, 6.018483017820011e-06, 9.744742143391896e-04, 4.732275581153786e-04, 1.437483915849958e-02, 2.701590255738587e-03, 4.680607300239726e+01, 4.789927157575015e+01, 2.117916327937439e+05, 1.756562845592144e+04, 3.247940855900287e-04, 5.258857762665935e-02, 2.553824802013974e-02, 7.757540772591135e-01, 1.457943030084973e-01, 2.577167827605908e+04, 4.594229900559370e+03, 4.762095898209326e+03, 2.525941443360635e+03, 2.584937112194321e+03, 2.576231638515171e+00, 1.718967091513441e+00
172, 2.305933958106166e-01, 8.910975905937840e-02, 5.210472328978491e-06, 9.368109502465035e-04, 4.572043850536677e-04, 1.372965079149744e-02, 2.571988913068379e-03, 4.487297656468217e+01, 4.614240983721380e+01, 2.026702095425970e+05, 1.650576361074066e+04, 2.943625737051529e-04, 5.292458437137380e-02, 2.582949318148753e-02, 7.756485569611513e-01, 1.453030029122821e-01, 2.426137465026859e+04, 4.526448390415610e+03, 4.708711596270995e+03, 2.535072453590873e+03, 2.606788340684477e+03, 2.610846594022291e+00, 1.616948683498306e+00
173, 2.320911820755517e-01, 9.060635307162615e-02, 4.464132188833275e-06, 8.968728810246019e-04, 4.396551113359789e-04, 1.308312328621044e-02, 2.444940761151014e-03, 4.293037561019109e+01, 4.435829514709560e+01, 1.935003445934785e+05, 1.545882428945830e+04, 2.646343780789957e-04, 5.316674933586444e-02, 2.606281625098035e-02, 7.755693710947213e-01, 1.449364289403549e-01, 2.276713895374096e+04, 4.456324006935290e+03, 4.652630280389773e+03, 2.544918647059559e+03, 2.629565916139270e+03, 2.647808638698606e+00, 1.516015636423518e+00
174, 2.337207809418026e-01, 9.223465476105469e-02, 3.799421498151509e-06, 8.522179269662321e-04, 4.192049759120649e-04, 1.239601734562609e-02, 2.312896864879795e-03, 4.111147818080781e+01, 4.217684470713191e+01, 1.837242191778506e+05, 1.440660992836232e+04, 2.376995147570213e-04, 5.331648194486005e-02, 2.622631350759734e-02, 7.755199862422435e-01, 1.446995187905419e-01, 2.119827025165706e+04, 4.378506566525429e+03, 4.599568169699873e+03, 2.572017455624820e+03, 2.638668946244857e+03, 2.689613788656732e+00, 1.410041258398968e+00
175, 2.354945224501510e-01, 9.400698435361138e-02, 3.321156535527796e-06, 8.215464821077946e-04, 4.057761541622177e-04, 1.194190054728434e-02, 2.226739946956747e-03, 3.956913039537148e+01, 4.099098469733347e+01, 1.771838632271833e+05, 1.364862179407116e+04, 2.156695385071528e-04, 5.334965358090392e-02, 2.635032554750244e-02, 7.754841280077851e-01, 1.446002233253014e-01, 2.024060600502495e+04, 4.339450639228546e+03, 4.546336313056394e+03, 2.569543470838819e+03, 2.661875963405243e+03, 2.712629134219315e+00, 1.345352688374986e+00
176, 2.374251109405689e-01, 9.593603607648776e-02, 2.874369315508111e-06, 7.818328303808549e-04, 3.874614441924698e-04, 1.139492806987282e-02, 2.126643815380651e-03, 3.783298296511457e+01, 3.942463261139413e+01, 1.693002521697677e+05, 1.282744808242826e+04, 1.956186248019920e-04, 5.320856379832180e-02, 2.636914973583562e-02, 7.754953918828972e-01, 1.447312759581434e-01, 1.907888746608231e+04, 4.287395616839225e+03, 4.498274035842454e+03, 2.574768683990294e+03, 2.683090295027512e+03, 2.743232246433459e+00, 1.266880602444208e+00
177, 2.395243380547313e-01, 9.803359218509550e-02, 2.487381921220144e-06, 7.461384641814481e-04, 3.711270569742964e-04, 1.084949547399403e-02, 2.022151549351770e-03, 3.618527851488921e+01, 3.771273565826791e+01, 1.614108943025296e+05, 1.200622269169399e+04, 1.777793454765539e-04, 5.332836371665463e-02, 2.652536979329872e-02, 7.754403084072207e-01, 1.445281787373496e-01, 1.796398136056105e+04, 4.239135127520495e+03, 4.445629070211984e+03, 2.586251461982249e+03, 2.695422606500396e+03, 2.771157250685209e+00, 1.191570615743951e+00
178, 2.418089104840787e-01, 1.003163460721834e-01, 2.178048689194062e-06, 7.101989085433930e-04, 3.541732506591049e-04, 1.031368465729260e-02, 1.920766452871190e-03, 3.466546758887053e+01, 3.594689458804164e+01, 1.536822235226309e+05, 1.126176726473111e+04, 1.637507310248487e-04, 5.339439426859775e-02, 2.662756300748060e-02, 7.754066337315719e-01, 1.444076582613250e-01, 1.684148891268446e+04, 4.180356804181621e+03, 4.404999327022093e+03, 2.606229919082391e+03, 2.702570560552115e+03, 2.804692132731250e+00, 1.115748184687120e+00
179, 2.442914626757913e-01, 1.027969221277867e-01, 1.991548619972928e-06, 6.952425789413915e-04, 3.481257825907285e-04, 1.004250777193013e-02, 1.865181461096734e-03, 3.379953424281616e+01, 3.506827349845275e+01, 1.497085558981810e+05, 1.079815446730840e+04, 1.537513366898382e-04, 5.367404780576352e-02, 2.687597173010424e-02, 7.753006771551151e-01, 1.439955519723272e-01, 1.635428211188756e+04, 4.167510992167845e+03, 4.359311702139180e+03, 2.609388250535197e+03, 2.707337331219778e+03, 2.812820030900623e+00, 1.082838204638948e+00
180, 2.469890960540022e-01, 1.054924081631355e-01, 1.854167375552277e-06, 6.757817549274471e-04, 3.401882034815198e-04, 9.675048959041845e-03, 1.788981366667722e-03, 3.264555072561608e+01, 3.379685409656395e+01, 1.443112776925319e+05, 1.027190032307957e+04, 1.485490303350182e-04, 5.414113404010697e-02, 2.725462028126750e-02, 7.751291281788448e-01, 1.433265684694456e-01, 1.571067165174534e+04, 4.152992890998535e+03, 4.322682481895289e+03, 2.615440746603834e+03, 2.707678913249822e+03, 2.820378415938806e+00, 1.039363426849659e+00
181, 2.499159038598824e-01, 1.084168862010416e-01, 1.784411578954278e-06, 6.649102210175911e-04, 3.367686765207074e-04, 9.397660857865234e-03, 1.726600747263454e-03, 3.178117813997483e+01, 3.280181670028453e+01, 1.402446394778271e+05, 9.881135356322824e+03, 1.471348988843079e-04, 5.482563512275483e-02, 2.776849564959369e-02, 7.748906678140587e-01, 1.423680665147085e-01, 1.523723939126118e+04, 4.143032280554512e+03, 4.295757016665971e+03, 2.620539166636504e+03, 2.704696629600626e+03, 2.823799239048617e+00, 1.007383893269237e+00
182, 2.530862646014175e-01, 1.115847233040559e-01, 1.774683072960785e-06, 6.620160165603378e-04, 3.380508905820361e-04, 9.177953033920650e-03, 1.669860466215499e-03, 3.115058421163448e+01, 3.190402054170189e+01, 1.370227110555848e+05, 9.574749429107886e+03, 1.497666437908232e-04, 5.586795662089614e-02, 2.852833166910421e-02, 7.745333483498391e-01, 1.409205967163697e-01, 1.489421074351583e+04, 4.141086879372521e+03, 4.275317530080106e+03, 2.628817798840295e+03, 2.692400774405625e+03, 2.820624069008330e+00, 9.842128990737825e-01
183, 2.565131612903392e-01, 1.150088921493043e-01, 1.875811390130497e-06, 6.736363761172397e-04, 3.476768853245584e-04, 9.102676885014371e-03, 1.634091602612963e-03, 3.089333349302079e+01, 3.145801102910786e+01, 1.358722079570041e+05, 9.458409566865565e+03, 1.595083469040377e-04, 5.728221149217583e-02, 2.956446768936983e-02, 7.740399434450751e-01, 1.389538690264752e-01, 1.489475862987246e+04, 4.167740451941025e+03, 4.267041295304945e+03, 2.626993620869352e+03, 2.675010591439526e+03, 2.799248122244964e+00, 9.842499078532906e-01
184, 2.602050217499423e-01, 1.186978138514507e-01, 2.052498770574927e-06, 6.925627211151811e-04, 3.626652525723769e-04, 9.026666009810393e-03, 1.588653601464740e-03, 3.061586209694093e+01, 3.099388819370548e+01, 1.347515422986187e+05, 9.369733533391984e+03, 1.758390380764654e-04, 5.933234379205064e-02, 3.106979164631717e-02, 7.733209349294679e-01, 1.361010905940879e-01, 1.489546941538082e+04, 4.191717618707269e+03, 4.268869796343258e+03, 2.622882809084384e+03, 2.655268575242120e+03, 2.775586356978565e+00, 9.842979201898600e-01
185, 2.641637952742093e-01, 1.226534361528205e-01, 2.215772220551468e-06, 7.145685949341206e-04, 3.794421054693553e-04, 9.001346925161005e-03, 1.553041332235867e-03, 3.052060435531912e+01, 3.071414916415277e+01, 1.343974361199319e+05, 9.325240657258761e+03, 1.901850049887877e-04, 6.133312374435016e-02, 3.256841928620487e-02, 7.726070369460117e-01, 1.333012350184445e-01, 1.496771530065146e+04, 4.212743705423022e+03, 4.267890137486234e+03, 2.619656135111453e+03, 2.636268546844109e+03, 2.754031859700560e+00, 9.891780052767887e-01
186, 2.683768577374415e-01, 1.268631449766438e-01, 2.571396217721469e-06, 7.525425182393511e-04, 4.072335985910827e-04, 9.020473074636335e-03, 1.508980317293917e-03, 3.049235178432356e+01, 3.049734312094142e+01, 1.346894894073844e+05, 9.380856148317353e+03, 2.199315775747225e-04, 6.436497887326460e-02, 3.483069904292344e-02, 7.715212693020960e-01, 1.290631212041413e-01, 1.520368387311944e+04, 4.252974685863222e+03, 4.286201160923727e+03, 2.608011548617786e+03, 2.608438457753378e+03, 2.716003043406632e+00, 1.005117275827230e+00
187, 2.727793361934920e-01, 1.312621190162810e-01, 3.005363086663905e-06, 7.979238390952724e-04, 4.403973820191227e-04, 9.048519296047461e-03, 1.457742942730219e-03, 3.045290426212440e+01, 3.033142453328388e+01, 1.351562119126721e+05, 9.452170976126936e+03, 2.558280794425916e-04, 6.792234994933620e-02, 3.748832110617359e-02, 7.702448078833171e-01, 1.240886929817307e-01, 1.545218292589149e+04, 4.288845997793344e+03, 4.307807418643467e+03, 2.592268483431881e+03, 2.581927661100502e+03, 2.677671981832897e+00, 1.021902958735065e+00
188, 2.772000755754640e-01, 1.356793394459619e-01, 3.389061369303995e-06, 8.381048922932321e-04, 4.699021471202428e-04, 9.069692312719670e-03, 1.411334666187095e-03, 3.041136124203716e+01, 3.020771556202447e+01, 1.355487349976220e+05, 9.502876068195166e+03, 2.873931291645294e-04, 7.107147416858933e-02, 3.984780260551962e-02, 7.691118484665532e-01, 1.196814816301732e-01, 1.563445144615898e+04, 4.311303028279200e+03, 4.324299322339021e+03, 2.578889939457446e+03, 2.561620742224909e+03, 2.648904945713360e+00, 1.034214883272247e+00
189, 2.816208149574442e-01, 1.400965598756510e-01, 3.777545782033997e-06, 8.772546436881567e-04, 4.981453788659722e-04, 9.120925535406521e-03, 1.374560469427807e-03, 3.046900052705499e+01, 3.020677655117176e+01, 1.363783022039469e+05, 9.583819138228637e+03, 3.181181309901655e-04, 7.387616822005956e-02, 4.195027301585853e-02, 7.680997006108248e-01, 1.157557400222669e-01, 1.585923751185776e+04, 4.332605166099399e+03, 4.339575506871633e+03, 2.565883263918009e+03, 2.543800619279917e+03, 2.622668271055256e+00, 1.049398794755325e+00
190, 2.860415543394000e-01, 1.445137803053158e-01, 4.091794318465146e-06, 9.109049685894524e-04, 5.226059220991943e-04, 9.170941257808549e-03, 1.344480077431153e-03, 3.053381983250599e+01, 3.026614515298947e+01, 1.372020136200584e+05, 9.648678636454082e+03, 3.423229394949929e-04, 7.620707254051377e-02, 4.372164911690717e-02, 7.672486261446652e-01, 1.124803292584190e-01, 1.604013575061542e+04, 4.344660204962340e+03, 4.349065110389869e+03, 2.554484938772466e+03, 2.532091050910857e+03, 2.603990942452762e+00, 1.061618159137199e+00
191, 2.904622937213857e-01, 1.489310007350103e-01, 4.473780649362402e-06, 9.486408652006405e-04, 5.497871561392991e-04, 9.222585897984468e-03, 1.309661565147352e-03, 3.062348007383669e+01, 3.028558902311679e+01, 1.380626813495966e+05, 9.717977185654057e+03, 3.717262287994878e-04, 7.882252594489059e-02, 4.568178956721615e-02, 7.663042389272480e-01, 1.088197193318459e-01, 1.623234376371902e+04, 4.357010102677288e+03, 4.360141449673531e+03, 2.544503553652311e+03, 2.516428201757911e+03, 2.583651549719956e+00, 1.074601479291990e+00
192, 2.948830331033522e-01, 1.533482211646858e-01, 5.007726662321361e-06, 9.949306638291895e-04, 5.820778485714993e-04, 9.265046043987202e-03, 1.261776358383436e-03, 3.059986960229412e+01, 3.027222502704629e+01, 1.387950344892163e+05, 9.787443000137306e+03, 4.135596162943386e-04, 8.216565545970417e-02, 4.807049344763446e-02, 7.651473703088547e-01, 1.042029211675122e-01, 1.644471543957587e+04, 4.374700482486469e+03, 4.376245480705344e+03, 2.527068904658489e+03, 2.500010605762118e+03, 2.556684324875815e+00, 1.088946820128395e+00
193, 2.993037724853487e-01, 1.577654415943912e-01, 5.528415727502335e-06, 1.037284314565658e-03, 6.111753779178408e-04, 9.304459778949111e-03, 1.218305738679104e-03, 3.060384706328787e+01, 3.023405865213592e+01, 1.394701572518845e+05, 9.851322600328514e+03, 4.540139266488049e-04, 8.518562060453687e-02, 5.019198028454148e-02, 7.641166163701413e-01, 1.000517688141316e-01, 1.664028767150952e+04, 4.390769364149278e+03, 4.390885726444013e+03, 2.513300999894269e+03, 2.482932609228365e+03, 2.532343026246686e+00, 1.102157387469379e+00
194, 3.037245118673154e-01, 1.621826620240668e-01, 5.899710750171915e-06, 1.074513374503670e-03, 6.374010402451946e-04, 9.362272845564771e-03, 1.186040223193672e-03, 3.065585876423972e+01, 3.038433801070194e+01, 1.404469689349925e+05, 9.905166701379960e+03, 4.809758334263751e-04, 8.760005154737963e-02, 5.196432664937640e-02, 7.632623318913422e-01, 9.669231407847537e-02, 1.680927789578020e+04, 4.394072683649839e+03, 4.394842658886979e+03, 2.499228833905423e+03, 2.477093016361896e+03, 2.518108407905849e+00, 1.113572385987437e+00
195, 3.081452512492900e-01, 1.665998824537504e-01, 6.409193520254710e-06, 1.111894433535487e-03, 6.618369883708742e-04, 9.349789290786845e-03, 1.135477121133516e-03, 3.047564841468078e+01, 3.022864692437076e+01, 1.403663960440453e+05, 9.897159874944660e+03, 5.225422610081148e-04, 9.065287691280077e-02, 5.395964332004972e-02, 7.622893614488728e-01, 9.257557605726852e-02, 1.688061798295463e+04, 4.401611097611454e+03, 4.404700628112941e+03, 2.484683006991306e+03, 2.464544947996663e+03, 2.498266158313736e+00, 1.118391285973450e+00
196, 3.125659906312512e-01, 1.710171028834206e-01, 6.874694208176709e-06, 1.148187085876862e-03, 6.852923070100770e-04, 9.346053447265665e-03, 1.088743762814391e-03, 3.035058699296663e+01, 3.010768895721051e+01, 1.404214426809719e+05, 9.885851488068674e+03, 5.600496516697724e-04, 9.353750989131099e-02, 5.582760573939161e-02, 7.613798983818988e-01, 8.869493633572879e-02, 1.695049645702856e+04, 4.405605538360845e+03, 4.410343870177399e+03, 2.472522436440444e+03, 2.452734652984608e+03, 2.481312070866964e+00, 1.123111456512547e+00
197, 3.169867300132315e-01, 1.754343233131097e-01, 7.402323232385766e-06, 1.185519226366152e-03, 7.081158440786758e-04, 9.346260257110130e-03, 1.042305872015489e-03, 3.022467364304687e+01, 2.998799569309460e+01, 1.405180922997893e+05, 9.882716448093928e+03, 6.023240065190933e-04, 9.646521339492130e-02, 5.761909591019736e-02, 7.605013652204926e-01, 8.481200146786957e-02, 1.703912966828172e+04, 4.412548166420299e+03, 4.417542536197527e+03, 2.459369302432441e+03, 2.440110914681109e+03, 2.462631488186749e+00, 1.129098477237988e+00
198, 3.214074693951982e-01, 1.798515437427853e-01, 7.902671552844529e-06, 1.221335259955457e-03, 7.296309832043865e-04, 9.363436858491505e-03, 1.002475555307768e-03, 3.016546398313887e+01, 2.993330197207704e+01, 1.408577622882104e+05, 9.894840952786228e+03, 6.412017659544685e-04, 9.909589690894056e-02, 5.920031875263128e-02, 7.597243804099204e-01, 8.133820216255330e-02, 1.715045204362389e+04, 4.418924678244805e+03, 4.423174196014834e+03, 2.447545573352652e+03, 2.428708564818898e+03, 2.445846560124649e+00, 1.136618111909412e+00
199, 3.258282087771701e-01, 1.842687641724662e-01, 8.348205860875633e-06, 1.255151989168675e-03, 7.497514156780465e-04, 9.401473897860163e-03, 9.708105060653386e-04, 3.017125668811077e+01, 2.998806092920042e+01, 1.415043827080883e+05, 9.924399104830651e+03, 6.740286291212998e-04, 1.013401428638821e-01, 6.053443426204891e-02, 7.590687949841359e-01, 7.838259926081184e-02, 1.728272896970409e+04, 4.422836385523430e+03, 4.426357507782765e+03, 2.436007343764891e+03, 2.421216239149483e+03, 2.432388210782614e+00, 1.145553190383302e+00
200, 3.302489481591422e-01, 1.886859846021472e-01, 8.637901434816442e-06, 1.282457722663074e-03, 7.663260756996320e-04, 9.420560752336788e-03, 9.419615826563743e-04, 3.017258892676152e+01, 3.000201653789093e+01, 1.418868222276288e+05, 9.914316354702501e+03, 6.954863412121662e-04, 1.032579308788075e-01, 6.170125030781164e-02, 7.585026732767846e-01, 7.584265919538415e-02, 1.734141288098796e+04, 4.418491713592863e+03, 4.422578737027559e+03, 2.429365932909377e+03, 2.415632184319787e+03, 2.425060732510051e+00, 1.149517187491597e+00
201, 3.409196875411215e-01, 1.931032050318336e-01, 8.271754459000150e-07, 1.553998032525943e-04, 9.212482400774176e-05, 1.116230266055833e-03, 1.075763786427282e-04, 4.663229784476147e+00, 3.347663961201819e+00, 1.757618102030925e+04, 1.100727538073078e+03, 5.618793597647085e-04, 1.055591560314324e-01, 6.257806295928574e-02, 7.582269884220587e-01, 7.307391322745851e-02, 1.297429901276351e+03, 2.784017454844164e+03, 4.237342274013617e+03, 3.167614051800434e+03, 2.273983460885794e+03, 3.473438555079990e+00, 6.577377731775903e-02
202, 3.471696875411233e-01, 1.931032050318336e-01, 2.591208851947329e-07, 5.102287917276699e-05, 3.020195032302341e-05, 3.650192213786740e-04, 3.493904173279217e-05, 1.750956784561289e+00, 7.931119211981201e-01, 5.800659565494527e+03, 3.552770620431645e+02, 5.382180414032092e-04, 1.059792385105570e-01, 6.273224382202404e-02, 7.581786788714929e-01, 7.257162075452278e-02, 3.716060861421911e+02, 2.437480592583267e+03, 4.201244931117671e+03, 3.636899165653955e+03, 1.647366805342580e+03, 3.800179820120209e+00, 3.235973587697802e-03
203, 3.534196875411142e-01, 1.931032050318336e-01, 1.377669616801502e-07, 2.846857673828098e-05, 1.682138591420462e-05, 2.027470131318781e-04, 1.925789730622372e-05, 1.037263082957419e+00, 2.903709371109492e-01, 3.233229262464430e+03, 1.947447267826037e+02, 5.151463996811488e-04, 1.064513917699688e-01, 6.289952457155946e-02, 7.581236646815168e-01, 7.201027257727373e-02, 1.953552115620009e+02, 2.305973276209072e+03, 4.165292588687644e+03, 3.878595682092860e+03, 1.085772241765996e+03, 3.940499547584815e+00, -8.669469350330684e-03
204, 3.596696875410871e-01, 1.931032050318336e-01, 1.215202846481468e-07, 2.792065686621681e-05, 1.644416701324631e-05, 1.972439251256738e-04, 1.847468216835494e-05, 1.037367505195664e+00, 1.764935374423404e-01, 3.150343228221288e+03, 1.842752441789200e+02, 4.670175719838146e-04, 1.073025578865992e-01, 6.319697961586153e-02, 7.580329429565258e-01, 7.100050196902970e-02, 1.855796286888450e+02, 2.249960491688928e+03, 4.090715359777871e+03, 3.986732379159005e+03, 6.782866215777356e+02, 4.003792181036055e+00, -9.329793132323464e-03
205, 3.659196875410600e-01, 1.931032050318336e-01, 1.305211793930067e-07, 3.248901239011703e-05, 1.909494249161157e-05, 2.283724916765351e-04, 2.120292840366091e-05, 1.209787149661083e+00, 1.541767149840807e-01, 3.648492730336916e+03, 2.090031201613639e+02, 4.332079537502538e-04, 1.078330631269438e-01, 6.337730782268000e-02, 7.579825762541297e-01, 7.037384484249630e-02, 2.141541772704217e+02, 2.241439679100658e+03, 4.036125738541421e+03, 4.015359177838617e+03, 5.117221551690049e+02, 4.014177917405563e+00, -7.399631603036385e-03
206, 3.721696875410329e-01, 1.931032050318336e-01, 1.216622716301817e-07, 3.187712989657899e-05, 1.871320219921493e-05, 2.234692192625481e-04, 2.064887817887486e-05, 1.191116141472515e+00, 1.037638174168876e-01, 3.572472953265277e+03, 2.018137516113460e+02, 4.126521512229538e-04, 1.081203404340643e-01, 6.347114056236709e-02, 7.579593313949591e-01, 7.003653545738658e-02, 2.073568949314049e+02, 2.217368552495177e+03, 4.001263045838383e+03, 4.040008718800570e+03, 3.519444598761067e+02, 4.042819804913687e+00, -7.858776314877320e-03
207, 3.784196875410311e-01, 1.931032050318336e-01, 1.184026150766573e-07, 3.228398790483053e-05, 1.893996774751736e-05, 2.259872545121277e-04, 2.082614988769690e-05, 1.201509658159656e+00, 1.049224084530459e-01, 3.608603429032431e+03, 2.019486425315920e+02, 3.971166413737848e-04, 1.082789331858745e-01, 6.352373530561252e-02, 7.579503159371643e-01, 6.984989892997477e-02, 2.138627386075729e+02, 2.261168984883782e+03, 3.973721408821626e+03, 4.029805251493920e+03, 3.519046806757262e+02, 3.993149061951660e+00, -7.419317782629800e-03
208, 3.846696875410293e-01, 1.931032050318336e-01, 1.238809503807229e-07, 3.558864991447240e-05, 2.085486117037066e-05, 2.485209565529446e-04, 2.280477856411441e-05, 1.314623574360590e+00, 1.007474729711894e-01, 3.958369405173247e+03, 2.191354225623034e+02, 3.778089265140012e-04, 1.085373463712280e-01, 6.360261757083149e-02, 7.579328017983264e-01, 6.954942533310017e-02, 2.453406755206175e+02, 2.358274060218743e+03, 3.939299158205687e+03, 4.009305061615525e+03, 3.072570439221176e+02, 3.886332353726321e+00, -5.293037373424762e-03
209, 3.909196875410275e-01, 1.931032050318336e-01, 1.283312554070396e-07, 3.876393549602488e-05, 2.269115449185383e-05, 2.700976896272617e-04, 2.468708744471629e-05, 1.424314397110420e+00, 9.398875568950303e-02, 4.294801069490793e+03, 2.350953244363240e+02, 3.601086068109544e-04, 1.087749571350137e-01, 6.367334290524973e-02, 7.579174878795381e-01, 6.927410347338758e-02, 2.739698611693052e+02, 2.422610343707044e+03, 3.906293357734167e+03, 3.996749440168591e+03, 2.637405810446509e+02, 3.819066771895716e+00, -3.359185204381483e-03
210, 3.971696875410292e-01, 1.931032050318336e-01, 1.299024924370236e-07, 4.112422247807217e-05, 2.404953689405051e-05, 2.859864587896612e-04, 2.604816221475417e-05, 1.506495215727274e+00, 8.145239197316993e-02, 4.543645535615133e+03, 2.458870569114401e+02, 3.442600402200120e-04, 1.089850257583112e-01, 6.373468578697418e-02, 7.579047018904402e-01, 6.903132652405428e-02, 2.939695656960251e+02, 2.454612621349016e+03, 3.875299899658354e+03, 3.992426117681735e+03, 2.158603981389639e+02, 3.786915958691063e+00, -2.008239618508877e-03
211, 4.034196875410310e-01, 1.931032050318336e-01, 1.325976348699003e-07, 4.406040683944863e-05, 2.574101482367968e-05, 3.058050834684436e-04, 2.775513620044077e-05, 1.607598393979405e+00, 7.620748555445886e-02, 4.853274130872112e+03, 2.596155820716461e+02, 3.286233657496742e-04, 1.091971150623168e-01, 6.379524746025536e-02, 7.578920686734837e-01, 6.878694543819451e-02, 3.196699151896805e+02, 2.495783084863217e+03, 3.843644337607593e+03, 3.984191690308993e+03, 1.888688318068247e+02, 3.746174040604015e+00, -2.722252860245787e-04
212, 4.096696875410328e-01, 1.931032050318336e-01, 1.319219843422743e-07, 4.586589540643317e-05, 2.677109193221614e-05, 3.177682952125173e-04, 2.874811441231439e-05, 1.669736358522589e+00, 6.669341454748484e-02, 5.040973042959035e+03, 2.665742546531780e+02, 3.146353530176690e-04, 1.093906543676069e-01, 6.384934249402516e-02, 7.578808053903290e-01, 6.856456239502119e-02, 3.344184367450445e+02, 2.512232612900524e+03, 3.814158100947019e+03, 3.982339192587792e+03, 1.590645117621786e+02, 3.730604322088809e+00, 7.240119367177195e-04
213, 4.159196875410346e-01, 1.931032050318336e-01, 1.294209168549522e-07, 4.679741059548434e-05, 2.729724574549965e-05, 3.238187210512664e-04, 2.922923483320550e-05, 1.702152729632705e+00, 5.410490786000220e-02, 5.136487581964232e+03, 2.688002662086711e+02, 3.029005102513839e-04, 1.095260325168477e-01, 6.388727468246863e-02, 7.578748336739667e-01, 6.840895861646572e-02, 3.412965012767762e+02, 2.515725835662485e+03, 3.788228417191213e+03, 3.983768179523633e+03, 1.266287134734643e+02, 3.728031700928629e+00, 1.188613346507333e-03
214, 4.221696875410363e-01, 1.931032050318336e-01, 1.281776454508547e-07, 4.829805313489641e-05, 2.815135308673540e-05, 3.337284486871121e-04, 3.004617504673583e-05, 1.753578638881150e+00, 4.438105882231627e-02, 5.291867535898414e+03, 2.739923391799443e+02, 2.910798293692573e-04, 1.096805064246812e-01, 6.392917442177916e-02, 7.578670957624758e-01, 6.823214356169459e-02, 3.536091784949321e+02, 2.528769201476803e+03, 3.761440010508197e+03, 3.982218343890605e+03, 1.007853669318643e+02, 3.716006433391548e+00, 2.020313480672761e-03
215, 4.284196875410382e-01, 1.931032050318336e-01, 1.273229635723629e-07, 5.009891661904715e-05, 2.917699340916259e-05, 3.456458904859656e-04, 3.103322495879353e-05, 1.814886925829275e+00, 3.626517660148969e-02, 5.478349542832455e+03, 2.805211479188770e+02, 2.791666110491414e-04, 1.098462082358310e-01, 6.397308185502436e-02, 7.578585132067622e-01, 6.804303009133329e-02, 3.687933430225447e+02, 2.546077424227843e+03, 3.733654088192263e+03, 3.979296572320198e+03, 7.951453663095577e+01, 3.699906265701933e+00, 3.045977635677450e-03
216, 4.346696875410363e-01, 1.931032050318336e-01, 1.263780977206133e-07, 5.192596171723959e-05, 3.021566420360779e-05, 3.577049976269916e-04, 3.202687051808022e-05, 1.876813341110163e+00, 2.998613628636034e-02, 5.666993717462106e+03, 2.869923769832131e+02, 2.677502795526154e-04, 1.100126605526646e-01, 6.401625505765429e-02, 7.578497764994674e-01, 6.785355761066111e-02, 3.842176572094094e+02, 2.562788280133814e+03, 3.706268437235076e+03, 3.976300528444808e+03, 6.352996696567813e+01, 3.684496073307454e+00, 4.087863486441793e-03
217, 4.409196875410418e-01, 1.931032050318336e-01, 1.250897277832729e-07, 5.361214564948516e-05, 3.117200521008917e-05, 3.687930641944427e-04, 3.293359971549764e-05, 1.933774881722743e+00, 2.488651649356456e-02, 5.840435022904330e+03, 2.925935357556038e+02, 2.570499353361369e-04, 1.101689068850505e-01, 6.405611448314795e-02, 7.578418706597725e-01, 6.767605803669283e-02, 3.984156511837464e+02, 2.577260800520711e+03, 3.679814662425142e+03, 3.973761212133250e+03, 5.113991027701233e+01, 3.671358152107725e+00, 5.046913519518570e-03
218, 4.471696875410653e-01, 1.931032050318336e-01, 1.233243559702177e-07, 5.493313034574626e-05, 3.191807171040158e-05, 3.774178225691203e-04, 3.362839457480715e-05, 1.978304240213718e+00, 1.982364009459366e-02, 5.975478926299676e+03, 2.963837585198164e+02, 2.476289543476400e-04, 1.103028961273865e-01, 6.408984389384099e-02, 7.578355469176297e-01, 6.752408410679531e-02, 4.093295576820714e+02, 2.587069093487099e+03, 3.655807812861189e+03, 3.972333011849911e+03, 3.980484819376360e+01, 3.662727339016123e+00, 5.784129101320794e-03
219, 4.534196875410852e-01, 1.931032050318336e-01, 1.223404989595554e-07, 5.701830019825691e-05, 3.310142137797575e-05, 3.911618418617070e-04, 3.475823206106926e-05, 2.048012595118578e+00, 1.770670143487984e-02, 6.189526438692864e+03, 3.035335743808499e+02, 2.370195146589305e-04, 1.104658715192571e-01, 6.412989072508415e-02, 7.578274626933243e-01, 6.733975554767556e-02, 4.278613461978566e+02, 2.608829423612089e+03, 3.628137942453136e+03, 3.967769916247089e+03, 3.430453378887430e+01, 3.642905450160076e+00, 7.035919489537628e-03
220, 4.596696875411051e-01, 1.931032050318336e-01, 1.191625626025463e-07, 5.779271425000582e-05, 3.353203033785752e-05, 3.960834567551515e-04, 3.513152729935236e-05, 2.073949363981852e+00, 1.323155381855550e-02, 6.266807008353219e+03, 3.040909096990965e+02, 2.279929885586020e-04, 1.105744400841760e-01, 6.415662471664975e-02, 7.578240099235592e-01, 6.721693228705626e-02, 4.338715597041392e+02, 2.612382217800986e+03, 3.603534910975322e+03, 3.968074395903687e+03, 2.531584947890328e+01, 3.640464026703320e+00, 7.441899057666578e-03
221, 4.659196875411250e-01, 1.931032050318336e-01, 1.168976921419102e-07, 5.885048440100507e-05, 3.412686807064260e-05, 4.029495279960317e-04, 3.567789692897562e-05, 2.109109808731234e+00, 7.861164982390449e-03, 6.373766103254628e+03, 3.063010164671280e+02, 2.198475210219489e-04, 1.106791149545993e-01, 6.418182607459710e-02, 7.578203915210707e-01, 6.709881992871072e-02, 4.431006761948544e+02, 2.622273947659231e+03, 3.580811564148612e+03, 3.966567299290582e+03, 1.478436059819762e+01, 3.631987432865847e+00, 8.065309976961827e-03
222, 4.721696875411232e-01, 1.931032050318336e-01, 1.145380354951469e-07, 5.964856735303399e-05, 3.457583100640528e-05, 4.081328913932144e-04, 3.609068160559333e-05, 2.135554130218217e+00, 4.037948762574220e-03, 6.454235068967610e+03, 3.074499579000729e+02, 2.126736144780705e-04, 1.107551422771336e-01, 6.420021892226989e-02, 7.578189797367220e-01, 6.701298544939654e-02, 4.503337138077899e+02, 2.631081304356650e+03, 3.560279453077650e+03, 3.965285538761697e+03, 7.497641763292666e+00, 3.624588781567586e+00, 8.553889206849491e-03
223, 4.784196875411215e-01, 1.931032050318336e-01, 1.125436527326616e-07, 6.042484151123533e-05, 3.501307677445574e-05, 4.131889099377193e-04, 3.649588921455999e-05, 2.161240969995472e+00, 1.035304322080518e-03, 6.532652792215769e+03, 3.087470356283168e+02, 2.064130124444378e-04, 1.108234294868602e-01, 6.421645713891405e-02, 7.578176604190370e-01, 6.693603994274443e-02, 4.574631132398048e+02, 2.639893244838747e+03, 3.542010610570302e+03, 3.963868671428309e+03, 1.898821290481962e+00, 3.617123519087553e+00, 9.035467856160811e-03
