"PointID","x","y","Density_0","Density_1","Density_2","Density_3","Density_4","Momentum_x","Momentum_y","Energy","Energy_ve","MassFrac_0","MassFrac_1","MassFrac_2","MassFrac_3","MassFrac_4","Pressure","Temperature_tr","Temperature_ve","Velocity_x","Velocity_y","Mach","Pressure_Coefficient"
0, -5.000000000000000e-02, 0.000000000000000e+00, 2.539383795247433e-51, 2.796075304721424e-30, 5.563399209505466e-51, 1.722599594524558e-03, 5.203686275126271e-04, 1.156260180295274e+01, 1.457242298269335e-16, 3.057301169414860e+04, 5.693429938737559e+01, 1.132153264722149e-48, 1.246596040572468e-27, 2.480373620475320e-48, 7.680000000000000e-01, 2.320000000000000e-01, 5.552000000000203e+02, 8.588000000000297e+02, 8.587999999998332e+02, 5.155044859463481e+03, 6.496936889037993e-14, 8.756999999999840e+00, 6.790037393916724e-16
1, 0.000000000000000e+00, 0.000000000000000e+00, 1.179884302449970e-47, 1.037235208509879e-28, 2.553256632505883e-47, 2.263419892561997e-03, 6.837414258781030e-04, 1.512177999898088e+01, 5.742640425563571e-02, 4.006746526060965e+04, 7.480927733715724e+01, 4.003460194281016e-45, 3.519438186230255e-26, 8.663443756982035e-45, 7.680000000000000e-01, 2.320000000000000e-01, 8.336320067811540e+02, 9.813776684465817e+02, 8.588003842014036e+02, 5.130964465489345e+03, 1.948532776143753e+01, 8.153667018475762e+00, 9.342457584992555e-03
2, 1.931920337076797e-01, 5.173816881076040e-02, 7.849722399063057e-18, 2.929360640484257e-13, 2.796359582303659e-17, 1.154459917182567e-02, 3.487430999529392e-03, 6.672746436722460e+01, 2.002866976596071e+01, 1.940791192121820e+05, 8.125854133548202e+02, 5.221997500955292e-16, 1.948745849385890e-11, 1.860267409240492e-15, 7.679999999999987e-01, 2.319999999805115e-01, 1.453739741010870e+04, 3.355326007189947e+03, 1.083403366368226e+03, 4.439018788897824e+03, 1.332399518711509e+03, 3.983093284722940e+00, 4.691561424962406e-01
3, 3.346696875411197e-01, 1.931032050318336e-01, 1.138617747488469e-05, 2.181586189617078e-03, 1.036445391704485e-03, 1.099092639831523e-02, 7.355415076123181e-04, 4.130134814398371e+01, 3.802506567453960e+01, 1.893701122502947e+05, 1.001924224707576e+04, 7.613174993535110e-04, 1.458680708400119e-01, 6.930016817052291e-02, 7.348897046090157e-01, 4.918073888109603e-02, 1.818966076431050e+04, 3.726685480096133e+03, 4.066889730997246e+03, 2.761544790449955e+03, 2.542481704325155e+03, 2.835218353502218e+00, 5.917035316068321e-01
4, 4.846696875411197e-01, 1.931032050318336e-01, 2.031319320882118e-07, 1.366046534217017e-04, 6.094746246994566e-05, 6.675353376814737e-04, 4.120478628869310e-05, 3.727257398108033e+00, 6.072006486129063e-03, 1.182219335264543e+04, 4.141858928373030e+02, 2.240849081073909e-04, 1.506953677561187e-01, 6.723416838779234e-02, 7.363913357444501e-01, 4.545504320353141e-02, 7.582701402068236e+02, 2.554548227290909e+03, 3.191858396849336e+03, 4.111722479875439e+03, 6.698331480846846e+00, 3.743290449490559e+00, 6.813779039246407e-03
6, -3.640905996670419e-02, 0.000000000000000e+00, 2.602765755068162e-50, 1.049648810547616e-29, 5.884844877264279e-50, 1.722599594524557e-03, 5.203686275126264e-04, 1.156260180295271e+01, 7.848347835473248e-16, 3.057301169414851e+04, 5.693429938668330e+01, 1.160411337751452e-47, 4.679731082388091e-27, 2.623686247288582e-47, 7.680000000000000e-01, 2.320000000000000e-01, 5.552000000000196e+02, 8.588000000000297e+02, 8.587999999998332e+02, 5.155044859463476e+03, 3.499090071077762e-13, 8.756999999999834e+00, 6.561159728953239e-16
7, -2.648758523368654e-02, 0.000000000000000e+00, 5.029518162528467e-50, 1.557880961536276e-29, 1.150631746833121e-49, 1.722599594524551e-03, 5.203686275126247e-04, 1.156260180295268e+01, 2.274600088712842e-15, 3.057301169414845e+04, 5.693429938661794e+01, 2.242349273214583e-47, 6.945622083407542e-27, 5.129951175982600e-47, 7.680000000000001e-01, 2.320000000000000e-01, 5.552000000000178e+02, 8.588000000000297e+02, 8.587999999998332e+02, 5.155044859463480e+03, 1.014102681600605e-12, 8.756999999999842e+00, 5.950819289050612e-16
8, -1.924472747190228e-02, 0.000000000000000e+00, 7.351815758791724e-50, 1.945174048903643e-29, 1.696289443424417e-49, 1.722599594524552e-03, 5.203686275126252e-04, 1.156260180295270e+01, 3.348189072159680e-15, 3.057301169414853e+04, 5.693429938672337e+01, 3.277717306273038e-47, 8.672321033317792e-27, 7.562699403220972e-47, 7.680000000000001e-01, 2.320000000000000e-01, 5.552000000000182e+02, 8.588000000000297e+02, 8.587999999998332e+02, 5.155044859463484e+03, 1.492749223668753e-12, 8.756999999999847e+00, 6.103404399026268e-16
9, -1.395714581734536e-02, 0.000000000000000e+00, 9.596610748213683e-50, 2.266843325603236e-29, 2.229824541319784e-49, 1.722599594524557e-03, 5.203686275126267e-04, 1.156260180295274e+01, 2.161268712497811e-15, 3.057301169414865e+04, 5.693429938673006e+01, 4.278531748210649e-47, 1.010644423461500e-26, 9.941400504080874e-47, 7.680000000000000e-01, 2.320000000000000e-01, 5.552000000000198e+02, 8.588000000000297e+02, 8.587999999998332e+02, 5.155044859463484e+03, 9.635752710463417e-13, 8.756999999999849e+00, 6.637452283941067e-16
10, -1.009678458521239e-02, 0.000000000000000e+00, 1.107530251079132e-49, 2.460334437742355e-29, 2.583987243894784e-49, 1.722599594524554e-03, 5.203686275126256e-04, 1.156260180295272e+01, 2.275467141318095e-15, 3.057301169414863e+04, 5.693429938642029e+01, 4.937788418924706e-47, 1.096910073700354e-26, 1.152039167789847e-46, 7.680000000000000e-01, 2.320000000000000e-01, 5.552000000000186e+02, 8.588000000000297e+02, 8.587999999998332e+02, 5.155044859463490e+03, 1.014489246419817e-12, 8.756999999999858e+00, 6.217843231508011e-16
11, -7.278131510363134e-03, 0.000000000000000e+00, 1.226596676197167e-49, 2.608365254158250e-29, 2.870446182678286e-49, 1.722599594524554e-03, 5.203686275126257e-04, 1.156260180295274e+01, 1.007820752716513e-15, 3.057301169414869e+04, 5.693429938654945e+01, 5.468631539875801e-47, 1.162907806062984e-26, 1.279753388601823e-46, 7.680000000000000e-01, 2.320000000000000e-01, 5.552000000000188e+02, 8.588000000000297e+02, 8.587999999998332e+02, 5.155044859463495e+03, 4.493245792850148e-13, 8.756999999999866e+00, 6.294135786495840e-16
12, -5.219729353472306e-03, 0.000000000000000e+00, 1.322872029416419e-49, 2.723034017232350e-29, 3.103002795129861e-49, 1.722599594524567e-03, 5.203686275126295e-04, 1.156260180295278e+01, -9.335241666857157e-15, 3.057301169414870e+04, 5.693429938690893e+01, 5.897863449063530e-47, 1.214031474221748e-26, 1.383435915249629e-46, 7.680000000000001e-01, 2.320000000000000e-01, 5.552000000000230e+02, 8.588000000000297e+02, 8.587999999998332e+02, 5.155044859463476e+03, -4.162003534039523e-12, 8.756999999999833e+00, 7.705548053770664e-16
13, -3.716075109627959e-03, 0.000000000000000e+00, 1.390617930754556e-49, 2.801364232368542e-29, 3.267117341158830e-49, 1.722599594524554e-03, 5.203686275126255e-04, 1.156260180295267e+01, -1.475172994098724e-14, 3.057301169414831e+04, 5.693429938667504e+01, 6.199900279868989e-47, 1.248954044397561e-26, 1.456604382112674e-46, 7.680000000000000e-01, 2.319999999999999e-01, 5.552000000000189e+02, 8.588000000000302e+02, 8.587999999997492e+02, 5.155044859463463e+03, -6.576878707442833e-12, 8.756999999999810e+00, 6.332282063989754e-16
14, -2.617116624604489e-03, 0.000000000000000e+00, 1.443094476747338e-49, 2.860920822009814e-29, 3.394471759311191e-49, 1.722599594524535e-03, 5.203686275126197e-04, 1.156260180295259e+01, -4.809174671725755e-15, 3.057301169414826e+04, 5.693429938662579e+01, 6.433860553925553e-47, 1.275506622831869e-26, 1.513383794723669e-46, 7.680000000000001e-01, 2.319999999999999e-01, 5.552000000000005e+02, 8.588000000000113e+02, 8.587999999999194e+02, 5.155044859463489e+03, -2.144111817758108e-12, 8.756999999999950e+00, 1.525851099756567e-17
15, -1.739648995067414e-03, 0.000000000000000e+00, 1.492107483609478e-49, 2.915573105335235e-29, 3.513633659442961e-49, 1.722599594524550e-03, 5.203686275126245e-04, 1.156260180295276e+01, 6.303803348205041e-15, 3.057301169414884e+04, 5.693429938659269e+01, 6.652379061591304e-47, 1.299872676166213e-26, 1.566510673188096e-46, 7.680000000000001e-01, 2.320000000000000e-01, 5.552000000000253e+02, 8.588000000000417e+02, 8.587999999996880e+02, 5.155044859463515e+03, 2.810473766979906e-12, 8.756999999999838e+00, 8.468473603648947e-16
16, -8.698244975333391e-04, 0.000000000000000e+00, 1.541722962812219e-49, 2.969922641988591e-29, 3.634483792546058e-49, 1.722599594524570e-03, 5.203686275126303e-04, 1.156260180295286e+01, 1.126201810344333e-15, 3.057301169414907e+04, 5.693429938645988e+01, 6.873583618638756e-47, 1.324103753592696e-26, 1.620390229713107e-46, 7.680000000000000e-01, 2.320000000000000e-01, 5.551999999999802e+02, 8.587999999999623e+02, 8.588000000003026e+02, 5.155044859463503e+03, 5.021033286514636e-13, 8.757000000000223e+00, -6.675598561434981e-16
17, 8.914882248994977e-04, 2.387467401603415e-04, 3.911033310766674e-39, 5.265867417568174e-25, 8.661450501611555e-39, 3.412458699555060e-03, 1.030846898823924e-03, 2.252645735296743e+01, 2.831162183998779e-01, 6.001394447093304e+04, 1.127919013245483e+02, 8.802080397516446e-37, 1.185123845519263e-22, 1.949325858831642e-36, 7.680000000000000e-01, 2.320000000000000e-01, 1.650842363413483e+03, 1.289036218856010e+03, 8.588116077406675e+02, 5.069751979513986e+03, 6.371747612929549e+01, 7.030033097329924e+00, 3.676298722566367e-02
18, 1.782976449799005e-03, 4.774934803206855e-04, 1.152902744958212e-36, 7.657034097701468e-24, 2.588832305806237e-36, 3.785250647930166e-03, 1.143461133228904e-03, 2.486567023347378e+01, 5.064891995235061e-01, 6.639889246938640e+04, 1.251253147502727e+02, 2.339156347842047e-34, 1.553556880110524e-21, 5.252553650433641e-34, 7.680000000000000e-01, 2.320000000000000e-01, 2.002426013858612e+03, 1.409576838927920e+03, 8.588338672723789e+02, 5.045064783160479e+03, 1.027629981245113e+02, 6.690851075235432e+00, 4.855996193353979e-02
19, 2.674464674698533e-03, 7.162402204810351e-04, 2.721960754337978e-34, 1.047267720038817e-22, 6.204830484779612e-34, 4.244812701800147e-03, 1.282287170335461e-03, 2.772318274172993e+01, 8.254228644836493e-01, 7.423760256504922e+04, 1.403453742316988e+02, 4.924754061457266e-32, 1.894787038892721e-20, 1.122619570538380e-31, 7.680000000000000e-01, 2.320000000000000e-01, 2.468225535481997e+03, 1.549363169094645e+03, 8.588833821069871e+02, 5.015864265723500e+03, 1.493410438709361e+02, 6.346444562966327e+00, 6.418931548446512e-02
20, 3.565952899598004e-03, 9.549869606413694e-04, 1.488678792563909e-31, 2.290716551416013e-21, 3.483130415703294e-31, 4.883178655134388e-03, 1.475126885405180e-03, 3.163029302192383e+01, 1.363664747272022e+00, 8.504946506755872e+04, 1.615427846905745e+02, 2.341313708616745e-29, 3.602715435442289e-19, 5.478079644797495e-29, 7.680000000000000e-01, 2.320000000000000e-01, 3.191945995425111e+03, 1.741726021514216e+03, 8.590198788183737e+02, 4.974641879075171e+03, 2.144698361186810e+02, 5.939420268652613e+00, 8.847290191037560e-02
21, 4.457441124497438e-03, 1.193733700801694e-03, 1.237108935330340e-29, 2.144377910396793e-20, 2.961486743265717e-29, 5.328269981653714e-03, 1.609581556957892e-03, 3.426463776357236e+01, 1.936193995719560e+00, 9.248100445728324e+04, 1.764522346758277e+02, 1.783129731798655e-27, 3.090838566467686e-18, 4.268593420865223e-27, 7.680000000000000e-01, 2.320000000000000e-01, 3.803423148350522e+03, 1.902021150799928e+03, 8.592736325822534e+02, 4.938796624989377e+03, 2.790768849612813e+02, 5.646439085921722e+00, 1.089902965570615e-01
22, 5.348929349396780e-03, 1.432480440961994e-03, 3.652782097177268e-28, 1.233031390657106e-19, 8.954138161601447e-28, 5.667322853928651e-03, 1.712003778790946e-03, 3.620502035110614e+01, 2.543692709243596e+00, 9.807157374542009e+04, 1.880050708763697e+02, 4.950020888059080e-26, 1.670926701075815e-17, 1.213408567917187e-25, 7.680000000000000e-01, 2.320000000000000e-01, 4.339704009970356e+03, 2.040370680918108e+03, 8.596916644638163e+02, 4.906276975269631e+03, 3.447052604996476e+02, 5.420454287665342e+00, 1.269845683408530e-01
23, 6.240417574296114e-03, 1.671227181122291e-03, 5.187893700261497e-27, 4.976994303363728e-19, 1.296781893170931e-26, 5.937854788080604e-03, 1.793726967232682e-03, 3.769885711572960e+01, 3.174098937610941e+00, 1.024805143927672e+05, 1.974648749324447e+02, 6.710003029711586e-25, 6.437226509237189e-17, 1.677253030765352e-24, 7.680000000000000e-01, 2.319999999999999e-01, 4.819406865778121e+03, 2.162673398830378e+03, 8.602874133284904e+02, 4.875956603552985e+03, 4.105368135607752e+02, 5.238020646094194e+00, 1.430804318717522e-01
24, 7.131905799195436e-03, 1.909973921282586e-03, 3.043279318568323e-26, 1.283345638937757e-18, 7.784309608540486e-26, 6.021800589327372e-03, 1.819085594692643e-03, 3.805498169756165e+01, 3.713094675223545e+00, 1.037461065617633e+05, 2.008426354347452e+02, 3.881295107650747e-24, 1.636735451604000e-16, 9.927844156704078e-24, 7.680000000000000e-01, 2.319999999999998e-01, 5.070756115060744e+03, 2.243743832686298e+03, 8.609959412261677e+02, 4.853403149138800e+03, 4.735554869793868e+02, 5.124909147072738e+00, 1.515141594722156e-01
25, 8.023394024094811e-03, 2.148720661442895e-03, 2.877699761131214e-25, 4.271352834354718e-18, 7.458779179688461e-25, 6.423879909712527e-03, 1.940547056058989e-03, 4.030286574316637e+01, 4.608686522250321e+00, 1.103634418895860e+05, 2.152304702161615e+02, 3.440402759097772e-23, 5.106569585500274e-16, 8.917262605329565e-23, 7.680000000000000e-01, 2.319999999999995e-01, 5.719189479261338e+03, 2.372269311105061e+03, 8.621015105254875e+02, 4.818365431139718e+03, 5.509865219828869e+02, 4.956872179279592e+00, 1.732715761994512e-01
26, 8.914882248994234e-03, 2.387467401603216e-03, 9.719001292871849e-25, 8.376495561631405e-18, 2.591152712069054e-24, 6.510033781995582e-03, 1.966572704977824e-03, 4.066318788389140e+01, 5.312328287548921e+00, 1.117043183751385e+05, 2.191091752696190e+02, 1.146567474591124e-22, 9.881897401400128e-16, 3.056827889853159e-22, 7.680000000000000e-01, 2.319999999999991e-01, 5.935155328527675e+03, 2.429269883349492e+03, 8.632063471441058e+02, 4.797106949152509e+03, 6.267046011529192e+02, 4.886358200586472e+00, 1.805180555460714e-01
27, 9.806370473893577e-03, 2.626214141763516e-03, 2.506046890293161e-24, 1.416765150920852e-17, 6.855710849627535e-24, 6.538418763308780e-03, 1.975147334749513e-03, 4.070011248520824e+01, 5.790209369534180e+00, 1.120844925163238e+05, 2.211088157707864e+02, 2.943592451657498e-22, 1.664126565299087e-15, 8.052689989910480e-22, 7.680000000000000e-01, 2.319999999999984e-01, 6.067911592098208e+03, 2.472825276817376e+03, 8.643615383388848e+02, 4.780618605227101e+03, 6.801156299068091e+02, 4.834007755559262e+00, 1.849725353879836e-01
28, 1.069785869879290e-02, 2.864960881923812e-03, 7.714111475460083e-24, 2.663410136021073e-17, 2.130341840394451e-23, 6.780508922967253e-03, 2.048278737146332e-03, 4.198461043812507e+01, 6.535960158245254e+00, 1.160396950367028e+05, 2.307385711503903e+02, 8.737452719936428e-22, 3.016733710851077e-15, 2.412949458529663e-21, 7.680000000000000e-01, 2.319999999999970e-01, 6.487395889754218e+03, 2.549382665296030e+03, 8.658966365246425e+02, 4.755421928177260e+03, 7.403009801417228e+02, 4.745043669182704e+00, 1.990478362261591e-01
29, 1.158934692369223e-02, 3.103707622084108e-03, 1.279726139540240e-23, 3.507053051787954e-17, 3.684921116760203e-23, 6.641113103274867e-03, 2.006169583280914e-03, 4.105069194259193e+01, 6.779898852264681e+00, 1.136407343355283e+05, 2.271536661630683e+02, 1.479917086011156e-21, 4.055670641183585e-15, 4.261363078241051e-21, 7.680000000000001e-01, 2.319999999999960e-01, 6.367406395853491e+03, 2.554751198894004e+03, 8.671515906658746e+02, 4.747236031315902e+03, 7.840496370964707e+02, 4.738919573547292e+00, 1.950217302824794e-01
30, 1.248083514859175e-02, 3.342454362244454e-03, 1.915885913122434e-23, 4.412144356162526e-17, 5.714730451413600e-23, 6.605960513094108e-03, 1.995550571663801e-03, 4.075668376021747e+01, 7.092443554937282e+00, 1.130156335152651e+05, 2.270390991078308e+02, 2.227382949627794e-21, 5.129499122521544e-15, 6.643868030979131e-21, 7.680000000000000e-01, 2.319999999999949e-01, 6.357282830703803e+03, 2.564262486033015e+03, 8.683331264094949e+02, 4.738316716517301e+03, 8.245578579216426e+02, 4.728136020244930e+00, 1.946820459943357e-01
31, 1.337232337349147e-02, 3.581201102404856e-03, 2.903085308596436e-23, 5.644819308723221e-17, 8.857125630559074e-23, 6.675602692604679e-03, 2.016588313390941e-03, 4.107629782644727e+01, 7.508796483661984e+00, 1.141410224940546e+05, 2.306457654912949e+02, 3.339877490720066e-21, 6.494127090430426e-15, 1.018975034539580e-20, 7.680000000000000e-01, 2.319999999999935e-01, 6.490361875207444e+03, 2.590629757100985e+03, 8.696338276985489e+02, 4.725655222959755e+03, 8.638554397254487e+02, 4.698572428643724e+00, 1.991473563697475e-01
32, 1.426381159839122e-02, 3.819947842565264e-03, 4.126841003852320e-23, 6.934514702104350e-17, 1.291325186789299e-22, 6.667165421000055e-03, 2.014039554260365e-03, 4.094326194591636e+01, 7.797742579977039e+00, 1.139628234885355e+05, 2.316052024080227e+02, 4.753765192289438e-21, 7.987963332125185e-15, 1.487495330969940e-20, 7.680000000000000e-01, 2.319999999999921e-01, 6.516095283111895e+03, 2.604192684363063e+03, 8.709732207046940e+02, 4.716310934092167e+03, 8.982327455922166e+02, 4.683512645295047e+00, 2.000108105201664e-01
33, 1.515529982329097e-02, 4.058694582725674e-03, 5.144527009963991e-23, 7.877579582075285e-17, 1.667884371243547e-22, 6.597717101270272e-03, 1.993060374341983e-03, 4.047209645070160e+01, 7.959884016336346e+00, 1.127793134390807e+05, 2.302910381176952e+02, 5.988430063016268e-21, 9.169809839025990e-15, 1.941482451359460e-20, 7.679999999999998e-01, 2.319999999999909e-01, 6.444640449709983e+03, 2.602746804694092e+03, 8.721586139104763e+02, 4.711109857704331e+03, 9.265615410168659e+02, 4.685083814139047e+00, 1.976132278642874e-01
34, 1.604678804819070e-02, 4.297441322886079e-03, 7.969880092299443e-23, 1.032171281576359e-16, 2.581263547579102e-22, 6.756267971329257e-03, 2.040955949672277e-03, 4.130363533772945e+01, 8.453029926871938e+00, 1.153818392661394e+05, 2.374127665678413e+02, 9.059539877429885e-21, 1.173292041722677e-14, 2.934179657990568e-20, 7.679999999999999e-01, 2.319999999999883e-01, 6.707205885400484e+03, 2.645219345375591e+03, 8.738270706999384e+02, 4.695076049971305e+03, 9.608747035177763e+02, 4.638637038222193e+00, 2.064233013704976e-01
35, 1.693827627309051e-02, 4.536188063046503e-03, 1.162938832202106e-22, 1.307706276738798e-16, 3.841279148419699e-22, 6.823887522755212e-03, 2.061382689165506e-03, 4.162375799685017e+01, 8.814628137731495e+00, 1.164895196893082e+05, 2.418094449018751e+02, 1.308839016107645e-20, 1.471768720082733e-14, 4.323199021303909e-20, 7.680000000000000e-01, 2.319999999999853e-01, 6.821443613229135e+03, 2.663614391572123e+03, 8.759217393513313e+02, 4.684579872540736e+03, 9.920495300081500e+02, 4.618809699968345e+00, 2.102564135876716e-01
36, 1.782976449799041e-02, 4.774934803206952e-03, 1.318530843503803e-22, 1.388816660144476e-16, 4.521546633745720e-22, 6.627917363762305e-03, 2.002183370303058e-03, 4.041683821386743e+01, 8.770211784584328e+00, 1.131888419823885e+05, 2.358568970089411e+02, 1.527827871462938e-20, 1.609270509047960e-14, 5.239274457015164e-20, 7.680000000000000e-01, 2.319999999999839e-01, 6.580845324115197e+03, 2.645644685016686e+03, 8.769770529394185e+02, 4.683240608574879e+03, 1.016235158179066e+03, 4.638108355967084e+00, 2.021834217752199e-01
37, 1.872125272289031e-02, 5.013681543367401e-03, 1.591022490497131e-22, 1.565813358672028e-16, 5.612271479525992e-22, 6.625523933797036e-03, 2.001460355001032e-03, 4.034037129124461e+01, 8.981746066109475e+00, 1.131287330943139e+05, 2.371298360060146e+02, 1.844239466812299e-20, 1.815018210599005e-14, 6.505484757649658e-20, 7.680000000000000e-01, 2.319999999999819e-01, 6.597703769736031e+03, 2.653380322528965e+03, 8.784191315710514e+02, 4.676068709621378e+03, 1.041122339560986e+03, 4.629736718448404e+00, 2.027490870339750e-01
38, 1.961274094779022e-02, 5.252428283527852e-03, 1.933079085986246e-22, 1.780105703681658e-16, 6.998963784564975e-22, 6.625805897752204e-03, 2.001545531612467e-03, 4.028961918788902e+01, 9.151568466714346e+00, 1.131148249382377e+05, 2.387274534711572e+02, 2.240640249574905e-20, 2.063328146831629e-14, 8.112528905154666e-20, 7.680000000000000e-01, 2.319999999999794e-01, 6.616707151490024e+03, 2.660909619193740e+03, 8.800996244269136e+02, 4.669987019510480e+03, 1.060762221365554e+03, 4.621614489184479e+00, 2.033867230947876e-01
39, 2.050422917269014e-02, 5.491175023688308e-03, 2.168667158315276e-22, 1.915127760994660e-16, 8.126497489258390e-22, 6.536490847501239e-03, 1.974564943515808e-03, 3.973128960093447e+01, 9.152440875195703e+00, 1.116080122112765e+05, 2.367963491737361e+02, 2.548058914857704e-20, 2.250164736337328e-14, 9.548166160343207e-20, 7.679999999999999e-01, 2.319999999999775e-01, 6.509553521717804e+03, 2.653587811402947e+03, 8.814764276245780e+02, 4.668197527604950e+03, 1.075359050619242e+03, 4.629445863307879e+00, 1.997913094324072e-01
40, 2.139571739759007e-02, 5.729921763848764e-03, 2.283486362591587e-22, 1.979402998862282e-16, 8.955355200565744e-22, 6.402377648156281e-03, 1.934051581213679e-03, 3.892242190947437e+01, 9.062938538807213e+00, 1.093571815525655e+05, 2.329942330373980e+02, 2.739166014324950e-20, 2.374401490614983e-14, 1.074243534511760e-19, 7.680000000000000e-01, 2.319999999999763e-01, 6.336893501887435e+03, 2.637315211452878e+03, 8.826274569671252e+02, 4.668956076823203e+03, 1.087148740719526e+03, 4.647001029799474e+00, 1.939979061145298e-01
41, 2.228720562248999e-02, 5.968668504009221e-03, 2.550611424239263e-22, 2.136691423398915e-16, 1.026155408558834e-21, 6.415199694223489e-03, 1.937924907629800e-03, 3.895740706399719e+01, 9.205618031956533e+00, 1.095581692477705e+05, 2.345641181543976e+02, 3.053481835615500e-20, 2.557954687907800e-14, 1.228468935242672e-19, 7.679999999999999e-01, 2.319999999999745e-01, 6.367606409423158e+03, 2.644800695409852e+03, 8.838244680997759e+02, 4.663812515780358e+03, 1.102056831513547e+03, 4.638868530579679e+00, 1.950284415018993e-01
42, 2.317869384738967e-02, 6.207415244169609e-03, 3.090998230590531e-22, 2.456482053308600e-16, 1.268330651267160e-21, 6.473811095620069e-03, 1.955630435134984e-03, 3.926354516475690e+01, 9.396127753192580e+00, 1.105270951803208e+05, 2.387161122981632e+02, 3.666907492403676e-20, 2.914169395856160e-14, 1.504643749695141e-19, 7.680000000000000e-01, 2.319999999999709e-01, 6.457816979727422e+03, 2.657985631440348e+03, 8.859774463248978e+02, 4.657905867369934e+03, 1.114679747040213e+03, 4.624619856294766e+00, 1.980553507876842e-01
43, 2.407018207228917e-02, 6.446161984329951e-03, 3.477859959833228e-22, 2.659699106869891e-16, 1.451523992641607e-21, 6.463921720277508e-03, 1.952643019666898e-03, 3.917561861844391e+01, 9.483270402273870e+00, 1.103539387705088e+05, 2.396305883681974e+02, 4.132160884270808e-20, 3.160076811679553e-14, 1.724603846689058e-19, 7.679999999999999e-01, 2.319999999999684e-01, 6.452267571794791e+03, 2.659764588470735e+03, 8.873457975970138e+02, 4.654585312285192e+03, 1.126738841236099e+03, 4.622680699200023e+00, 1.978691469498719e-01
44, 2.496167029718797e-02, 6.684908724490106e-03, 3.627018867706302e-22, 2.753861428852289e-16, 1.589297839619978e-21, 6.323639026137743e-03, 1.910265955812168e-03, 3.833571384024662e+01, 9.424336770999323e+00, 1.080207528581767e+05, 2.358401055865835e+02, 4.404980231927876e-20, 3.344538751526912e-14, 1.930187247853758e-19, 7.680000000000000e-01, 2.319999999999666e-01, 6.250477036850266e+03, 2.633740680932934e+03, 8.888834355540050e+02, 4.655836316338797e+03, 1.144576818855540e+03, 4.650742696697216e+00, 1.910983035559443e-01
45, 2.585315852208661e-02, 6.923655464650219e-03, 3.877058004059317e-22, 2.900075421884787e-16, 1.753640603695512e-21, 6.311320237456616e-03, 1.906544655064730e-03, 3.824521358777366e+01, 9.460735581462309e+00, 1.078075709351346e+05, 2.365337974479989e+02, 4.717841014382568e-20, 3.528988928162951e-14, 2.133937009954189e-19, 7.679999999999999e-01, 2.319999999999647e-01, 6.241052462653845e+03, 2.634902414037323e+03, 8.901400046005541e+02, 4.653911215135369e+03, 1.151240097664748e+03, 4.649451873787552e+00, 1.907820730847977e-01
46, 2.674464674698497e-02, 7.162402204810255e-03, 3.996928901338956e-22, 2.980100093267534e-16, 1.882411725568926e-21, 6.226310089073855e-03, 1.880864506074095e-03, 3.774124389449293e+01, 9.380617334913833e+00, 1.063862271158808e+05, 2.344201430731228e+02, 4.930113265021977e-20, 3.675879997762697e-14, 2.321908457103487e-19, 7.680000000000000e-01, 2.319999999999632e-01, 6.126221593709045e+03, 2.621735499660109e+03, 8.913217753895484e+02, 4.655289392321616e+03, 1.157076022579763e+03, 4.663778615465730e+00, 1.869290587170643e-01
47, 2.763613497188353e-02, 7.401148944970346e-03, 4.293417803411288e-22, 3.154366378236901e-16, 2.067101203557014e-21, 6.256959029249672e-03, 1.890123040085523e-03, 3.789605137208807e+01, 9.512432428728577e+00, 1.068974830342320e+05, 2.366623216285261e+02, 5.269884072447384e-20, 3.871774398971012e-14, 2.537228894916005e-19, 7.680000000000000e-01, 2.319999999999613e-01, 6.168806916831891e+03, 2.627028502799379e+03, 8.925125563128381e+02, 4.651487618459566e+03, 1.167587652582027e+03, 4.657969589428581e+00, 1.883579590062868e-01
48, 2.852762319678226e-02, 7.639895685130482e-03, 4.937970172964478e-22, 3.510032516923487e-16, 2.411679585282457e-21, 6.311987189134354e-03, 1.906746130050652e-03, 3.819464251051036e+01, 9.664104733731191e+00, 1.078148519176901e+05, 2.406818641893521e+02, 6.008188830555619e-20, 4.270770665754370e-14, 2.934368949108940e-19, 7.679999999999999e-01, 2.319999999999573e-01, 6.245823620990544e+03, 2.636638115673384e+03, 8.946084037774045e+02, 4.647266315522234e+03, 1.175863038550215e+03, 4.647465697686352e+00, 1.909421636753416e-01
49, 2.941911142168101e-02, 7.878642425290624e-03, 5.174045277590837e-22, 3.649839577946523e-16, 2.602557471971649e-21, 6.252544081350933e-03, 1.888789357907729e-03, 3.783834561313245e+01, 9.628449668027807e+00, 1.068230254109696e+05, 2.396471200565843e+02, 6.355279901251344e-20, 4.483098014812065e-14, 3.196721386476609e-19, 7.679999999999999e-01, 2.319999999999552e-01, 6.163484286315253e+03, 2.626615179746539e+03, 8.959488684550186e+02, 4.647684055128966e+03, 1.182662488874074e+03, 4.658342103593517e+00, 1.881793644171907e-01
50, 3.031059964657972e-02, 8.117389165450753e-03, 5.222820676815780e-22, 3.700107082669087e-16, 2.721253779467530e-21, 6.186709414581571e-03, 1.868901802321146e-03, 3.745125390469976e+01, 9.569215724583296e+00, 1.057277965171756e+05, 2.379427387536523e+02, 6.483456731199658e-20, 4.593204640890752e-14, 3.378084798528414e-19, 7.679999999999999e-01, 2.319999999999541e-01, 6.069048762142052e+03, 2.613893133221292e+03, 8.968476005758737e+02, 4.649089050637871e+03, 1.187894433696628e+03, 4.672248965481870e+00, 1.850106917875454e-01
51, 3.120208876295687e-02, 8.356136144355005e-03, 5.234601880789711e-22, 3.742621912871545e-16, 2.833955633425299e-21, 6.124484391160670e-03, 1.850104659829411e-03, 3.709081096047996e+01, 9.494779860910961e+00, 1.046936179212200e+05, 2.363680291726142e+02, 6.564102359781870e-20, 4.693184675650096e-14, 3.553732506220264e-19, 7.680000000000000e-01, 2.319999999999530e-01, 5.978790949383779e+03, 2.601182091001436e+03, 8.977534649589793e+02, 4.651125057769997e+03, 1.190629360359540e+03, 4.686237615913040e+00, 1.819821973369374e-01
52, 3.211603615231537e-02, 8.600897604790440e-03, 5.444733312708543e-22, 3.890488819335247e-16, 3.032978989582004e-21, 6.126477692357747e-03, 1.850706802899347e-03, 3.709698302913894e+01, 9.536481096969013e+00, 1.047333223115104e+05, 2.375242587631949e+02, 6.825382208403846e-20, 4.877019983238675e-14, 3.802066996676761e-19, 7.680000000000000e-01, 2.319999999999512e-01, 5.975106480281047e+03, 2.598733300504349e+03, 8.989452997428989e+02, 4.650385490168051e+03, 1.195469542247462e+03, 4.688919937317274e+00, 1.818585693219207e-01
53, 3.306263821957166e-02, 8.854404214832268e-03, 5.871301376832379e-22, 4.155320183990186e-16, 3.348448448416494e-21, 6.147799502257213e-03, 1.857147766306451e-03, 3.721000083176664e+01, 9.622318293361307e+00, 1.050949363702215e+05, 2.399442586585660e+02, 7.334590947137579e-20, 5.190940108135858e-14, 4.182973773688750e-19, 7.680000000000000e-01, 2.319999999999481e-01, 5.998787886843861e+03, 2.599984323221885e+03, 9.006939507082174e+02, 4.648375508717290e+03, 1.202046430855172e+03, 4.687494641246849e+00, 1.826531709875975e-01
54, 3.404330350149454e-02, 9.117033190412857e-03, 6.235119406191908e-22, 4.397176482639560e-16, 3.665728912178076e-21, 6.128376864288774e-03, 1.851280511086793e-03, 3.709546268672298e+01, 9.620373436680079e+00, 1.047771891871773e+05, 2.408696892521909e+02, 7.813768327237364e-20, 5.510482813721512e-14, 4.593842491896896e-19, 7.680000000000000e-01, 2.319999999999448e-01, 5.965558564226341e+03, 2.593776601511617e+03, 9.025412957704381e+02, 4.648753817575409e+03, 1.205612344505802e+03, 4.694332412512723e+00, 1.815382002601976e-01
55, 3.505990866283369e-02, 9.389287115390117e-03, 6.428884883805594e-22, 4.551307481502887e-16, 3.902649565409417e-21, 6.116431402649021e-03, 1.847671986216436e-03, 3.702890160266489e+01, 9.623790587801453e+00, 1.045885704087513e+05, 2.415770522951168e+02, 8.072327253804103e-20, 5.714776992807213e-14, 4.900299977101569e-19, 7.679999999999999e-01, 2.319999999999428e-01, 5.938317046453215e+03, 2.586974753595529e+03, 9.038315556246358e+02, 4.649475250965796e+03, 1.208395988587471e+03, 4.701867773423427e+00, 1.806241432619075e-01
56, 3.611437659401692e-02, 9.671680953179728e-03, 6.720958669876970e-22, 4.761841743001656e-16, 4.200239623693217e-21, 6.116769492325097e-03, 1.847774117472730e-03, 3.703175670175450e+01, 9.642141671620056e+00, 1.046019813226096e+05, 2.429837149790287e+02, 8.438598618015695e-20, 5.978800514248483e-14, 5.273672704266334e-19, 7.680000000000000e-01, 2.319999999999401e-01, 5.931015577321314e+03, 2.583651120841786e+03, 9.053551403635423e+02, 4.649576738608918e+03, 1.210633294763796e+03, 4.705538904951954e+00, 1.803791510770595e-01
57, 3.720781251492448e-02, 9.964510689344029e-03, 6.943304593583183e-22, 4.934341154649334e-16, 4.466453397060599e-21, 6.111470369563232e-03, 1.846173340805066e-03, 3.700536044844499e+01, 9.643033523471301e+00, 1.045224489561620e+05, 2.439439641089730e+02, 8.725327303277065e-20, 6.200756573481542e-14, 5.612783833537081e-19, 7.680000000000000e-01, 2.319999999999380e-01, 5.914790220587583e+03, 2.578817178902500e+03, 9.066332316682700e+02, 4.650291191125721e+03, 1.211795083374548e+03, 4.710911902919284e+00, 1.798347283692011e-01
58, 3.834153283913298e-02, 1.026812886858450e-02, 7.139977642655952e-22, 5.102667580930377e-16, 4.742847811349475e-21, 6.096618747190457e-03, 1.841686913213273e-03, 3.692574373597463e+01, 9.624822118446135e+00, 1.042843011919585e+05, 2.445570267564740e+02, 8.994334494160011e-20, 6.427905146537952e-14, 5.974634908563040e-19, 7.680000000000001e-01, 2.319999999999357e-01, 5.884561952026020e+03, 2.571887816818850e+03, 9.079498064031661e+02, 4.651590064131428e+03, 1.212452950313331e+03, 4.718650517001699e+00, 1.788204544709918e-01
59, 3.951707266937012e-02, 1.058294660207660e-02, 7.480129929383176e-22, 5.360459436716635e-16, 5.121033030740942e-21, 6.105121784294950e-03, 1.844255539005230e-03, 3.697476860078081e+01, 9.660681375316241e+00, 1.044346825667398e+05, 2.464526879590235e+02, 9.409705471468675e-20, 6.743244431239152e-14, 6.442055550351712e-19, 7.679999999999999e-01, 2.319999999999325e-01, 5.887834589397708e+03, 2.569734102125805e+03, 9.096401781387325e+02, 4.651278596677337e+03, 1.215275232564374e+03, 4.721031358638223e+00, 1.789302639580171e-01
60, 4.073611831285641e-02, 1.090941549460945e-02, 7.863403222609588e-22, 5.633914524227719e-16, 5.517998867052736e-21, 6.111172975885999e-03, 1.846083503131665e-03, 3.701007477944640e+01, 9.687222876298216e+00, 1.045427496931450e+05, 2.482445246823606e+02, 9.882053247050520e-20, 7.080222359406511e-14, 6.934549466392907e-19, 7.679999999999999e-01, 2.319999999999292e-01, 5.889115435351760e+03, 2.567748059278808e+03, 9.113162158392395e+02, 4.651109949394609e+03, 1.217407394350249e+03, 4.723226428187266e+00, 1.789732412332843e-01
61, 4.199973579341539e-02, 1.124782103476910e-02, 8.187966570496311e-22, 5.892239552553858e-16, 5.928988726551160e-21, 6.097588388405940e-03, 1.841979825663705e-03, 3.693360334175009e+01, 9.685573480410191e+00, 1.043254405655127e+05, 2.492682147575134e+02, 1.031286129135571e-19, 7.421360197034180e-14, 7.467646308578855e-19, 7.680000000000000e-01, 2.319999999999258e-01, 5.860944466389888e+03, 2.561158292814408e+03, 9.130212163236662e+02, 4.651840294828326e+03, 1.219911866648585e+03, 4.730618205238234e+00, 1.780279975966168e-01
62, 4.330924441866192e-02, 1.159851654230057e-02, 8.392712819520700e-22, 6.104143332722067e-16, 6.294186980691306e-21, 6.092048127971609e-03, 1.840306205324146e-03, 3.690506082807773e+01, 9.690510895649009e+00, 1.042425000725626e+05, 2.504121865931324e+02, 1.058035542397793e-19, 7.695247938055022e-14, 7.934828319848511e-19, 7.680000000000000e-01, 2.319999999999230e-01, 5.843769761247103e+03, 2.555975520647708e+03, 9.145014938186307e+02, 4.652472554480742e+03, 1.221643724987513e+03, 4.736446949395047e+00, 1.774517206226218e-01
63, 4.466648738017173e-02, 1.196199563671325e-02, 8.833209102714429e-22, 6.434884202620984e-16, 6.793336973532650e-21, 6.106153702255625e-03, 1.844567264222410e-03, 3.699045173533010e+01, 9.721844146861089e+00, 1.044873823141718e+05, 2.527099816050151e+02, 1.110994731164185e-19, 8.093459989039147e-14, 8.544303091724994e-19, 7.680000000000000e-01, 2.319999999999190e-01, 5.853782100930097e+03, 2.554440194763786e+03, 9.163474598303692e+02, 4.652465089805928e+03, 1.222762588179073e+03, 4.738143031893617e+00, 1.777876728714178e-01
64, 4.607394334706959e-02, 1.233892212281907e-02, 9.221608397578630e-22, 6.775985718501531e-16, 7.346035954105823e-21, 6.098459817365709e-03, 1.842243069828547e-03, 3.694879576025800e+01, 9.731571364486237e+00, 1.043705550871871e+05, 2.543463070951954e+02, 1.161308832301139e-19, 8.533231648080413e-14, 9.251115497536042e-19, 7.680000000000000e-01, 2.319999999999147e-01, 5.831577089450992e+03, 2.547960983533636e+03, 9.184432420081550e+02, 4.653088811551068e+03, 1.225530221031092e+03, 4.745452893860103e+00, 1.770426099014092e-01
65, 4.753441116795683e-02, 1.273004555171822e-02, 9.332182270589604e-22, 6.971422718911352e-16, 7.721960818710455e-21, 6.092729900275097e-03, 1.840512157374072e-03, 3.692425437554036e+01, 9.720818903774369e+00, 1.042858280392566e+05, 2.554062340999454e+02, 1.176339030471252e-19, 8.787608733290760e-14, 9.733676046433403e-19, 7.679999999999999e-01, 2.319999999999121e-01, 5.812761751354388e+03, 2.542128597064275e+03, 9.198329518678523e+02, 4.654371328545943e+03, 1.225327405004714e+03, 4.752067059192583e+00, 1.764112834237281e-01
66, 4.904722907946974e-02, 1.313518869858435e-02, 9.394564089723101e-22, 7.153078104029880e-16, 8.089920217520566e-21, 6.081693964619254e-03, 1.837178385144684e-03, 3.687395042926002e+01, 9.692292210762359e+00, 1.041155241488976e+05, 2.562100747326042e+02, 1.186351247346764e-19, 9.032950384965438e-14, 1.021600028413262e-18, 7.679999999999999e-01, 2.319999999999096e-01, 5.783640921987507e+03, 2.533982892501956e+03, 9.211871958941332e+02, 4.656464809709415e+03, 1.223948534926240e+03, 4.761354186407493e+00, 1.754341683415037e-01
67, 5.061579951229327e-02, 1.355526275799297e-02, 9.717478379504238e-22, 7.490596115194474e-16, 8.647922777465747e-21, 6.100409963680556e-03, 1.842832176527752e-03, 3.698968896964023e+01, 9.725024549524521e+00, 1.044404661746517e+05, 2.587792874701000e+02, 1.223364239434917e-19, 9.430149532111997e-14, 1.088714485196109e-18, 7.679999999999999e-01, 2.319999999999057e-01, 5.796906093483137e+03, 2.532002687730148e+03, 9.230802211874619e+02, 4.656749513198990e+03, 1.224314250763677e+03, 4.763580075053529e+00, 1.758792655251510e-01
68, 5.224297969845960e-02, 1.399103291653265e-02, 1.016927471949439e-21, 7.863324772774226e-16, 9.224266055296707e-21, 6.130768165692919e-03, 1.852002883385617e-03, 3.716999969511176e+01, 9.775595590941291e+00, 1.049564377765336e+05, 2.617496396213946e+02, 1.273902841127736e-19, 9.850369908430640e-14, 1.155521810482159e-18, 7.679999999999999e-01, 2.319999999999015e-01, 5.829521953190273e+03, 2.533640353504361e+03, 9.248544172489101e+02, 4.656277809620844e+03, 1.224586741977116e+03, 4.761657669123277e+00, 1.769736522281549e-01
69, 5.392886588664213e-02, 1.444252495026680e-02, 1.100400862366487e-21, 8.507120248940991e-16, 1.022240478151535e-20, 6.136668555573907e-03, 1.853785292828768e-03, 3.720890345550447e+01, 9.791289216384888e+00, 1.050646505552201e+05, 2.649261314687284e+02, 1.377144381587718e-19, 1.064660457383243e-13, 1.279327179088552e-18, 7.679999999999999e-01, 2.319999999998936e-01, 5.827932086686814e+03, 2.530513938215253e+03, 9.279226280435320e+02, 4.656669591169558e+03, 1.225373352020694e+03, 4.765171242009423e+00, 1.769203061328332e-01
70, 5.567779462008837e-02, 1.491090021560484e-02, 1.163676892561631e-21, 9.032205124228871e-16, 1.106906840667195e-20, 6.164202834174495e-03, 1.862102939489309e-03, 3.737361145271556e+01, 9.845922382761287e+00, 1.055374486283241e+05, 2.682999313664942e+02, 1.449828757309244e-19, 1.125325321378192e-13, 1.379098768326385e-18, 7.680000000000000e-01, 2.319999999998875e-01, 5.852691806960431e+03, 2.529913390069465e+03, 9.301945297684564e+02, 4.656390188290977e+03, 1.226706614525822e+03, 4.765805349624844e+00, 1.777510893432360e-01
71, 5.749073580602473e-02, 1.539641846044035e-02, 1.260292672725208e-21, 9.765783644006005e-16, 1.223861272835859e-20, 6.180217376522311e-03, 1.866940665823472e-03, 3.746845602011737e+01, 9.891192800999260e+00, 1.058163756228398e+05, 2.718985406194531e+02, 1.566133865015622e-19, 1.213569261671671e-13, 1.520861484757107e-18, 7.680000000000000e-01, 2.319999999998787e-01, 5.863155374228317e+03, 2.527869042643350e+03, 9.331902166608850e+02, 4.656110371257304e+03, 1.229153540784037e+03, 4.768081977018650e+00, 1.781021820014331e-01
72, 5.936984105820705e-02, 1.589965590188528e-02, 1.306562536344917e-21, 1.022236393228188e-15, 1.304635092338594e-20, 6.187174821337483e-03, 1.869042393944676e-03, 3.751572601043146e+01, 9.906855765602023e+00, 1.059443964548288e+05, 2.740784385734692e+02, 1.621806489857648e-19, 1.268878886841503e-13, 1.619413997258681e-18, 7.679999999999999e-01, 2.319999999998731e-01, 5.860858950712069e+03, 2.524037489757119e+03, 9.351147192433621e+02, 4.656742117039946e+03, 1.229715572565255e+03, 4.772447050375102e+00, 1.780251282189109e-01
73, 6.131888829774556e-02, 1.642162429345971e-02, 1.321821472578242e-21, 1.054254436399197e-15, 1.370354594479076e-20, 6.176296061679859e-03, 1.865756101964736e-03, 3.746219006128067e+01, 9.891631247193660e+00, 1.057758601741490e+05, 2.751197398988346e+02, 1.643637029057804e-19, 1.310927130223039e-13, 1.703986204757297e-18, 7.680000000000001e-01, 2.319999999998689e-01, 5.832810758326409e+03, 2.516382750200617e+03, 9.366773669729079e+02, 4.658287374785964e+03, 1.229988446470056e+03, 4.781252146989669e+00, 1.770840042054468e-01
74, 6.333959785032550e-02, 1.696278435033394e-02, 1.411872639231127e-21, 1.131436372619137e-15, 1.499958971125520e-20, 6.200134533859040e-03, 1.872957307102120e-03, 3.760435921207812e+01, 9.936986791463468e+00, 1.061842240990026e+05, 2.789989950366966e+02, 1.748862352918353e-19, 1.401490773185943e-13, 1.857973377083159e-18, 7.680000000000001e-01, 2.319999999998598e-01, 5.855219609001916e+03, 2.516338106251232e+03, 9.395460652172069e+02, 4.657987293204852e+03, 1.230877461475653e+03, 4.781231953071251e+00, 1.778359067592682e-01
75, 6.543449253022506e-02, 1.752381169969871e-02, 1.488581374751150e-21, 1.199845009957082e-15, 1.618087177922050e-20, 6.206555105912314e-03, 1.874896854909812e-03, 3.764529887668229e+01, 9.955450821070428e+00, 1.063004253622970e+05, 2.817607691503995e+02, 1.841972682591429e-19, 1.484689899505192e-13, 2.002223345218279e-18, 7.679999999999999e-01, 2.319999999998515e-01, 5.855041202503224e+03, 2.513658406126634e+03, 9.420503230291754e+02, 4.658234567151600e+03, 1.231888882014239e+03, 4.784273837239956e+00, 1.778299205396299e-01
76, 6.760644752453709e-02, 1.810547633663256e-02, 1.576986591644983e-21, 1.281170946172609e-15, 1.761238845214289e-20, 6.203926603840781e-03, 1.874102828242288e-03, 3.763372656886330e+01, 9.962556330507947e+00, 1.062660289763380e+05, 2.845038805031326e+02, 1.952192183630208e-19, 1.585994402402211e-13, 2.180282778147593e-18, 7.680000000000000e-01, 2.319999999998414e-01, 5.841939278825281e+03, 2.509096163376998e+03, 9.449376219223224e+02, 4.658775619136706e+03, 1.233290422406562e+03, 4.789497545688173e+00, 1.773903009439589e-01
77, 6.985839957815661e-02, 1.870856474182115e-02, 1.605253899510812e-21, 1.328628080530001e-15, 1.855436560549732e-20, 6.200351264370209e-03, 1.873022777777172e-03, 3.762054238318680e+01, 9.957651502722284e+00, 1.062169162303156e+05, 2.861346146726509e+02, 1.988330890071802e-19, 1.645691223512778e-13, 2.298217016656288e-18, 7.680000000000000e-01, 2.319999999998354e-01, 5.826443903336349e+03, 2.503883939052231e+03, 9.467421059161659e+02, 4.659828986837600e+03, 1.233394049468824e+03, 4.795519439426807e+00, 1.768703718957778e-01
78, 7.219325844631382e-02, 1.933385616793038e-02, 1.652466876230329e-21, 1.385928694003862e-15, 1.964090473974188e-20, 6.203707180347676e-03, 1.874036544061975e-03, 3.764677719647045e+01, 9.961348353336177e+00, 1.062821787349502e+05, 2.882140595381131e+02, 2.045703518962300e-19, 1.715737390647304e-13, 2.431484014575362e-18, 7.680000000000000e-01, 2.319999999998285e-01, 5.821824431073517e+03, 2.500545334467942e+03, 9.486703391745153e+02, 4.660556026641628e+03, 1.233184499680631e+03, 4.799366069262318e+00, 1.767153709525333e-01
79, 7.461397849477001e-02, 1.998214181463633e-02, 1.741450087469435e-21, 1.476703594779837e-15, 2.128452632380718e-20, 6.204796314139815e-03, 1.874365553228259e-03, 3.765800987523515e+01, 9.968030207884437e+00, 1.063095687947155e+05, 2.911895840929311e+02, 2.155483596018635e-19, 1.827793054554344e-13, 2.634496829401574e-18, 7.679999999999998e-01, 2.319999999998172e-01, 5.814115548148638e+03, 2.496795932351710e+03, 9.515889826429234e+02, 4.661128282047405e+03, 1.233795085619428e+03, 4.803675064244873e+00, 1.764567084783948e-01
80, 7.712375765598738e-02, 2.065427811046968e-02, 1.819846751902644e-21, 1.563507500940099e-15, 2.289011375244622e-20, 6.211380968349699e-03, 1.876354667520742e-03, 3.770199948591842e+01, 9.979927726391848e+00, 1.064289790039554e+05, 2.941765879271497e+02, 2.250131351760524e-19, 1.933183243534053e-13, 2.830225267369073e-18, 7.679999999999999e-01, 2.319999999998067e-01, 5.813693240002779e+03, 2.493967928885800e+03, 9.542466206557365e+02, 4.661626094539558e+03, 1.233958202358556e+03, 4.806919149185733e+00, 1.764425384266608e-01
81, 7.972633713574356e-02, 2.135126697632939e-02, 1.920340100873250e-21, 1.660869607803571e-15, 2.466334707511016e-20, 6.223636540146659e-03, 1.880056871500976e-03, 3.777835339866940e+01, 9.999893596122924e+00, 1.066424535817822e+05, 2.974437594506020e+02, 2.369709715464686e-19, 2.049521771660342e-13, 3.043469912084270e-18, 7.679999999999999e-01, 2.319999999997951e-01, 5.821682799600220e+03, 2.492477438129706e+03, 9.568965818259657e+02, 4.661868543096894e+03, 1.233992093253156e+03, 4.808598544950242e+00, 1.767106186754970e-01
82, 8.242461639642955e-02, 2.207388490838751e-02, 2.029394153983128e-21, 1.774461050019199e-15, 2.675975199253793e-20, 6.233005747019579e-03, 1.882887152743723e-03, 3.783699345198264e+01, 1.002133015198987e+01, 1.068084962392860e+05, 3.010246152836954e+02, 2.500518647851885e-19, 2.186402743277407e-13, 3.297203687016683e-18, 7.680000000000000e-01, 2.319999999997814e-01, 5.824946262841772e+03, 2.490125953887039e+03, 9.599683859065402e+02, 4.662086343337265e+03, 1.234778511219628e+03, 4.811279292699158e+00, 1.768201203354062e-01
83, 8.522212594146307e-02, 2.282307739998714e-02, 2.148270267309997e-21, 1.900371950964662e-15, 2.912201246062015e-20, 6.233539980594143e-03, 1.883048535802581e-03, 3.784629327645832e+01, 1.002360167770988e+01, 1.068271560644706e+05, 3.043347863300017e+02, 2.646765033079682e-19, 2.341343222124888e-13, 3.587962159444514e-18, 7.679999999999999e-01, 2.319999999997659e-01, 5.815940297936756e+03, 2.486062882021291e+03, 9.631726097355888e+02, 4.662832568140454e+03, 1.234952549024551e+03, 4.815974020977755e+00, 1.765179358052952e-01
84, 8.812282375538115e-02, 2.359990442688505e-02, 2.290865780936567e-21, 2.046966350828771e-15, 3.185452645877693e-20, 6.248688763865205e-03, 1.887624730748900e-03, 3.793943829169865e+01, 1.005309076006150e+01, 1.070911518374138e+05, 3.086222120704736e+02, 2.815606579629025e-19, 2.515840069563766e-13, 3.915105591722254e-18, 7.680000000000000e-01, 2.319999999997484e-01, 5.825690399582920e+03, 2.484193527864733e+03, 9.666079177790940e+02, 4.662976459400612e+03, 1.235583015171882e+03, 4.818085870048245e+00, 1.768450889660675e-01
85, 9.113047082487051e-02, 2.440537320744504e-02, 2.429740533710244e-21, 2.185605388627685e-15, 3.446494656503336e-20, 6.261365768716701e-03, 1.891454242630985e-03, 3.801864809921982e+01, 1.007389201537348e+01, 1.073124164143868e+05, 3.123130260169351e+02, 2.980245522810150e-19, 2.680796810901032e-13, 4.227365073318597e-18, 7.680000000000000e-01, 2.319999999997319e-01, 5.833505460106408e+03, 2.482489687474812e+03, 9.695550468254382e+02, 4.663251248806244e+03, 1.235632824145413e+03, 4.820017157511437e+00, 1.771073141042939e-01
86, 9.424866669024891e-02, 2.524044772357169e-02, 2.611082374605324e-21, 2.364674027629848e-15, 3.783901696642828e-20, 6.271412830753587e-03, 1.894489292621115e-03, 3.808335037178234e+01, 1.008931526379012e+01, 1.074903656891198e+05, 3.166296983638123e+02, 3.197543070140905e-19, 2.895790314287921e-13, 4.633782819672064e-18, 7.680000000000000e-01, 2.319999999997104e-01, 5.837111478305329e+03, 2.480044744819374e+03, 9.732001411150814e+02, 4.663703996985051e+03, 1.235542027243601e+03, 4.822806709916677e+00, 1.772283097917639e-01
87, 9.748170013635063e-02, 2.610627654163954e-02, 2.850360855714249e-21, 2.584639943307322e-15, 4.193921694648254e-20, 6.298324639453601e-03, 1.902618901499024e-03, 3.824228848328900e+01, 1.014084592824565e+01, 1.079497785632061e+05, 3.222534129098410e+02, 3.475649895014704e-19, 3.151637284660875e-13, 5.113950210367824e-18, 7.680000000000000e-01, 2.319999999996848e-01, 5.864008064031479e+03, 2.480826748049985e+03, 9.772339993342071e+02, 4.663157146773225e+03, 1.236546243441701e+03, 4.821775359629281e+00, 1.781307930020551e-01
88, 1.008339308239883e-01, 2.700402720910258e-02, 3.049223234221910e-21, 2.794365653792538e-15, 4.603083049279704e-20, 6.305229136573944e-03, 1.904704635003918e-03, 3.828837242835981e+01, 1.015997453451730e+01, 1.080776126297311e+05, 3.265229258195794e+02, 3.714065568685878e-19, 3.403639702265880e-13, 5.606723729262768e-18, 7.680000000000000e-01, 2.319999999996597e-01, 5.860941615406119e+03, 2.476814265147327e+03, 9.809128649322492e+02, 4.663663982393876e+03, 1.237522106412949e+03, 4.826419768855687e+00, 1.780279019352191e-01
89, 1.043097319128833e-01, 2.793487088851627e-02, 3.187101288561235e-21, 2.963814120915047e-15, 4.948412347316943e-20, 6.315643250840753e-03, 1.907850565355180e-03, 3.835907394743149e+01, 1.017177602063842e+01, 1.082651343480739e+05, 3.299677607372142e+02, 3.875604894702034e-19, 3.604081412546129e-13, 6.017408729084717e-18, 7.680000000000000e-01, 2.319999999996396e-01, 5.861608002142847e+03, 2.473011296456249e+03, 9.836250696583668e+02, 4.664571385932167e+03, 1.236916601141201e+03, 4.830851929619568e+00, 1.780502617561860e-01
90, 1.079134959989725e-01, 2.889998394758972e-02, 3.425075559618058e-21, 3.226244842201278e-15, 5.469868363393226e-20, 6.324486986682938e-03, 1.910522110557245e-03, 3.841878116613128e+01, 1.018568117460041e+01, 1.084258679554317e+05, 3.348479491452478e+02, 4.159164269490084e-19, 3.917718613427195e-13, 6.642212897159048e-18, 7.680000000000000e-01, 2.319999999996082e-01, 5.860684998675601e+03, 2.469164333876724e+03, 9.877230880948018e+02, 4.665299177264005e+03, 1.236875521850968e+03, 4.835307925504098e+00, 1.780192914634987e-01
91, 1.116309809947942e-01, 2.989555225635505e-02, 3.680438462147136e-21, 3.510406003122081e-15, 6.038791213082900e-20, 6.343419778609213e-03, 1.916241391451356e-03, 3.853563358392903e+01, 1.022242358502837e+01, 1.087563723212426e+05, 3.402514745824046e+02, 4.455919421351497e-19, 4.250060542247216e-13, 7.311185154870040e-18, 7.680000000000000e-01, 2.319999999995750e-01, 5.872305382525497e+03, 2.466675949969146e+03, 9.917693947600751e+02, 4.665522324765057e+03, 1.237632316211473e+03, 4.838156883327979e+00, 1.784091997376732e-01
92, 1.154556628374381e-01, 3.091982862543962e-02, 4.003311632449936e-21, 3.853316072883422e-15, 6.720563588714555e-20, 6.360354838555962e-03, 1.921357190809927e-03, 3.863980708699892e+01, 1.025594022897517e+01, 1.090520792208549e+05, 3.461697240106961e+02, 4.833917936596736e-19, 4.652801328056644e-13, 8.114944790257342e-18, 7.679999999999999e-01, 2.319999999995347e-01, 5.882623244994286e+03, 2.464430689719649e+03, 9.963350252738800e+02, 4.665678660398857e+03, 1.238384067521806e+03, 4.840705192961180e+00, 1.787554034431912e-01
93, 1.194211400542905e-01, 3.198181097390006e-02, 4.361920191757709e-21, 4.218751466907977e-15, 7.448328128989823e-20, 6.383379508387000e-03, 1.928312559821021e-03, 3.877756780700372e+01, 1.030228283909156e+01, 1.094486698351798e+05, 3.522459162726678e+02, 5.247932858869630e-19, 5.075683064634259e-13, 8.961265730086030e-18, 7.679999999999999e-01, 2.319999999994924e-01, 5.902099602336302e+03, 2.463671434978490e+03, 1.000687129366141e+03, 4.665424018210094e+03, 1.239492843881003e+03, 4.841489614251999e+00, 1.794089096419988e-01
94, 1.235329691157358e-01, 3.308298736310846e-02, 4.728785675236878e-21, 4.654873884422783e-15, 8.346467361661690e-20, 6.391127167594983e-03, 1.930652998539663e-03, 3.883088425058266e+01, 1.032267088596570e+01, 1.095942191381408e+05, 3.582118866489030e+02, 5.682420805199772e-19, 5.593603521711755e-13, 1.002966576264876e-17, 7.680000000000000e-01, 2.319999999994406e-01, 5.896554265895728e+03, 2.458372899118164e+03, 1.005646525645390e+03, 4.666175202342237e+03, 1.240440227917564e+03, 4.847677456538442e+00, 1.792228424183003e-01
95, 1.277962626229142e-01, 3.422472698316944e-02, 4.910449288775429e-21, 4.930662145721537e-15, 8.956539112313496e-20, 6.415371061708425e-03, 1.937976674886156e-03, 3.898578705715103e+01, 1.036050807713212e+01, 1.100204225225022e+05, 3.623811098584008e+02, 5.878420776451931e-19, 5.902618089413711e-13, 1.072209537389561e-17, 7.679999999999999e-01, 2.319999999994097e-01, 5.908449828412460e+03, 2.454023347289779e+03, 1.008140747779291e+03, 4.667085375404399e+03, 1.240282148406010e+03, 4.852814756233843e+00, 1.796219839880752e-01
96, 1.322166984316482e-01, 3.540855040331866e-02, 5.308529185017048e-21, 5.459233406873225e-15, 1.008031595909847e-19, 6.439848271536638e-03, 1.945370832021233e-03, 3.913989230260877e+01, 1.040844574782288e+01, 1.104520224535428e+05, 3.697169534915937e+02, 6.330817500953754e-19, 6.510543540303321e-13, 1.202152959224978e-17, 7.680000000000000e-01, 2.319999999993489e-01, 5.919164972585159e+03, 2.449129379995786e+03, 1.013376531291804e+03, 4.667724458860726e+03, 1.241284887046037e+03, 4.858541332388510e+00, 1.799815180125856e-01
97, 1.368001042322728e-01, 3.663601831951517e-02, 5.646156981282619e-21, 5.921776301881046e-15, 1.107141189846023e-19, 6.461368926392296e-03, 1.951871863175084e-03, 3.927553516664635e+01, 1.044555956657921e+01, 1.108297951556252e+05, 3.757669365238177e+02, 6.711036950564894e-19, 7.038638795670775e-13, 1.315950913015738e-17, 7.680000000000000e-01, 2.319999999992961e-01, 5.930280960754928e+03, 2.445556212388386e+03, 1.017569992983877e+03, 4.668300379007494e+03, 1.241561941211120e+03, 4.862721366805926e+00, 1.803545018846336e-01
98, 1.415524108020030e-01, 3.790871903510071e-02, 5.870315981337120e-21, 6.253962251519846e-15, 1.180186249871931e-19, 6.483689601201427e-03, 1.958614567023344e-03, 3.941553094690980e+01, 1.048209349117159e+01, 1.112194436092105e+05, 3.801036731601572e+02, 6.953452356558681e-19, 7.407885485877114e-13, 1.397943294098611e-17, 7.680000000000001e-01, 2.319999999992592e-01, 5.943977946715419e+03, 2.442766148976834e+03, 1.020195600202047e+03, 4.668811992729801e+03, 1.241615237060095e+03, 4.866009408894148e+00, 1.808140880933366e-01
99, 1.464799102645229e-01, 3.922833762451179e-02, 6.311028389795566e-21, 6.891834402807049e-15, 1.317769326452733e-19, 6.493356613417888e-03, 1.961534810296429e-03, 3.948281534255126e+01, 1.050062275661011e+01, 1.113994124658942e+05, 3.868028904354208e+02, 7.464351785865898e-19, 8.151298529359211e-13, 1.558588112386132e-17, 7.680000000000000e-01, 2.319999999991849e-01, 5.938696698040234e+03, 2.436962294011502e+03, 1.025459176673337e+03, 4.669819322786039e+03, 1.241958320972562e+03, 4.872871008160379e+00, 1.806368820231218e-01
100, 1.515891417382304e-01, 4.059662530908530e-02, 6.353592091633673e-21, 7.183973770526063e-15, 1.391161926419649e-19, 6.510915413451076e-03, 1.966839031139495e-03, 3.960299760843605e+01, 1.052636324131978e+01, 1.117181977407979e+05, 3.899024282247308e+02, 7.494428074267175e-19, 8.473911125255436e-13, 1.640955674655254e-17, 7.680000000000000e-01, 2.319999999991526e-01, 5.937207471658605e+03, 2.429780772425695e+03, 1.027208960529511e+03, 4.671401827835684e+03, 1.241645215146265e+03, 4.881530173606586e+00, 1.805869127883860e-01
101, 1.568867156612559e-01, 4.201535241007798e-02, 6.669235406555053e-21, 7.776142458148796e-15, 1.524576434466401e-19, 6.526463321915397e-03, 1.971535795154167e-03, 3.970463282927052e+01, 1.055773261803130e+01, 1.119980997088538e+05, 3.960153964433323e+02, 7.848006706840844e-19, 9.150556914653097e-13, 1.794041648465996e-17, 7.680000000000000e-01, 2.319999999990850e-01, 5.938263764371498e+03, 2.424423591540192e+03, 1.031596331332464e+03, 4.672233108318546e+03, 1.242378643793311e+03, 4.887923241869141e+00, 1.806223554445002e-01
102, 1.623795444791689e-01, 4.348637012843689e-02, 6.963664076137978e-21, 8.367048624625495e-15, 1.659186227451674e-19, 6.539511796904077e-03, 1.975477521973073e-03, 3.978966046919679e+01, 1.058851859159924e+01, 1.122343714834892e+05, 4.016314498587965e+02, 8.178124264575608e-19, 9.826258508707811e-13, 1.948547632081864e-17, 7.679999999999999e-01, 2.319999999990173e-01, 5.937784273110849e+03, 2.419390697798990e+03, 1.035650700634565e+03, 4.672896110503242e+03, 1.243515193626234e+03, 4.893948772427284e+00, 1.806062666807952e-01
103, 1.680748718576803e-01, 4.501161836816416e-02, 7.187971948469995e-21, 8.882122288973732e-15, 1.778612312483231e-19, 6.546540139208966e-03, 1.977600667043826e-03, 3.983991163914170e+01, 1.060244332459602e+01, 1.123670300272007e+05, 4.060292433999912e+02, 8.432488519182889e-19, 1.041996195375972e-12, 2.086559047894534e-17, 7.680000000000000e-01, 2.319999999989579e-01, 5.932131289960887e+03, 2.414492374842310e+03, 1.038964728008441e+03, 4.673774465325121e+03, 1.243813724523140e+03, 4.899848195635732e+00, 1.804165874987295e-01
104, 1.736973472536992e-01, 4.651735634084748e-02, 7.476904013467647e-21, 9.419880014503841e-15, 1.898902064720112e-19, 6.551583982510689e-03, 1.979124328040684e-03, 3.987507573222317e+01, 1.061212371559234e+01, 1.124613083373671e+05, 4.105374927234912e+02, 8.764693084408284e-19, 1.104231872849559e-12, 2.225960606775549e-17, 7.679999999999999e-01, 2.319999999988957e-01, 5.928997679089279e+03, 2.411359080262708e+03, 1.042452666960708e+03, 4.674298344354228e+03, 1.243990924230150e+03, 4.903589994308188e+00, 1.803114428819366e-01
105, 1.778935653319111e-01, 4.764113269503090e-02, 8.029359609754990e-21, 1.017086811046862e-14, 2.057086898215159e-19, 6.569241779208700e-03, 1.984458454125790e-03, 3.997767426340742e+01, 1.065027577489957e+01, 1.127629079612608e+05, 4.172632309347799e+02, 9.387001403736774e-19, 1.189060620901794e-12, 2.404908802153333e-17, 7.680000000000001e-01, 2.319999999988109e-01, 5.946483021553966e+03, 2.411969745486957e+03, 1.047088202493715e+03, 4.673728699021217e+03, 1.245107437057695e+03, 4.902702435882820e+00, 1.808981429248803e-01
106, 1.808818454983137e-01, 4.844141488439446e-02, 8.390189427264754e-21, 1.069704619617600e-14, 2.168292187624467e-19, 6.570959480257594e-03, 1.984977342983784e-03, 3.998827681772287e+01, 1.065798629067334e+01, 1.127954460874639e+05, 4.212264439185971e+02, 9.806277910401494e-19, 1.250248385086848e-12, 2.534254556125051e-17, 7.680000000000000e-01, 2.319999999987497e-01, 5.944984587945261e+03, 2.410731612418022e+03, 1.050251456633256e+03, 4.673746153553703e+03, 1.245683145030784e+03, 4.904128664499902e+00, 1.808478647524996e-01
107, 1.830102782198245e-01, 4.901142395430518e-02, 8.735123340648814e-21, 1.115594015834435e-14, 2.263668477756954e-19, 6.583109599850908e-03, 1.988647691610472e-03, 4.005749921542088e+01, 1.068684181549790e+01, 1.130018541660936e+05, 4.251037707348486e+02, 1.019058641492194e-18, 1.301476439311066e-12, 2.640845279192546e-17, 7.680000000000000e-01, 2.319999999986985e-01, 5.958135074180042e+03, 2.411605013700034e+03, 1.052780993571992e+03, 4.673195688271690e+03, 1.246750398092760e+03, 4.902980109077737e+00, 1.812891138074871e-01
108, 1.845266076094257e-01, 4.941750749939901e-02, 8.971763358710350e-21, 1.146923295194141e-14, 2.328523819643350e-19, 6.587106462525774e-03, 1.989855077209858e-03, 4.007990657219391e+01, 1.069867127544832e+01, 1.130704110038541e+05, 4.274628880408758e+02, 1.046030498928282e-18, 1.337213988752431e-12, 2.714858646447898e-17, 7.680000000000000e-01, 2.319999999986627e-01, 5.961803487053055e+03, 2.411625642482254e+03, 1.054490758270588e+03, 4.672972635642213e+03, 1.247373119941002e+03, 4.902903436085873e+00, 1.814122030746535e-01
109, 1.856071385576787e-01, 4.970688119423033e-02, 9.152157899687958e-21, 1.170993944021430e-14, 2.378244073626680e-19, 6.588526833777321e-03, 1.990284147691855e-03, 4.008761091433718e+01, 1.070456915114296e+01, 1.130952769803747e+05, 4.291550080433012e+02, 1.066832911862117e-18, 1.364983966366970e-12, 2.772230416033883e-17, 7.680000000000000e-01, 2.319999999986350e-01, 5.962604309214483e+03, 2.411429611090937e+03, 1.055790116720072e+03, 4.672863290830684e+03, 1.247791701466666e+03, 4.903105076110080e+00, 1.814390737177335e-01
110, 1.864563448972940e-01, 4.993430455176207e-02, 9.308657751731370e-21, 1.191894801131327e-14, 2.421337390537815e-19, 6.589358907569912e-03, 1.990535503316492e-03, 4.009201818441706e+01, 1.070875665217758e+01, 1.131100867129610e+05, 4.305770148161489e+02, 1.084938497600549e-18, 1.389171875608821e-12, 2.822106280774495e-17, 7.680000000000000e-01, 2.319999999986108e-01, 5.962830554369802e+03, 2.411216594673562e+03, 1.056899200943978e+03, 4.672786897411176e+03, 1.248122195836716e+03, 4.903333278141756e+00, 1.814466651070706e-01
111, 1.872983059985922e-01, 5.015978758413685e-02, 9.479661661893010e-21, 1.214368646519824e-14, 2.467484663861995e-19, 6.589969390914652e-03, 1.990719920159990e-03, 4.009513036223775e+01, 1.071244957247131e+01, 1.131211380555783e+05, 4.320617741730140e+02, 1.104766915362463e-18, 1.415234373945673e-12, 2.875625225905628e-17, 7.680000000000000e-01, 2.319999999985847e-01, 5.962810942429375e+03, 2.410985293912693e+03, 1.058069040579788e+03, 4.672716714079408e+03, 1.248436947673907e+03, 4.903582090612543e+00, 1.814460070515413e-01
112, 1.881402670998902e-01, 5.038527061651158e-02, 9.656003853983075e-21, 1.237460217763737e-14, 2.514786593062854e-19, 6.590786674721535e-03, 1.990966807976423e-03, 4.009940325914123e+01, 1.071659162108994e+01, 1.131356520915322e+05, 4.335686676143871e+02, 1.125178423434912e-18, 1.441966633342299e-12, 2.930387825902244e-17, 7.679999999999999e-01, 2.319999999985580e-01, 5.963065621988732e+03, 2.410789285738572e+03, 1.059243905491904e+03, 4.672635183465657e+03, 1.248764794127525e+03, 4.903787378256359e+00, 1.814545525237683e-01
113, 1.889822282011882e-01, 5.061075364888633e-02, 9.840800922600171e-21, 1.261720384321190e-14, 2.564406507059159e-19, 6.591440916983968e-03, 1.991164443659623e-03, 4.010274862238686e+01, 1.072030792451238e+01, 1.131474098108124e+05, 4.351118583665940e+02, 1.146598324060395e-18, 1.470090178100326e-12, 2.987911478272944e-17, 7.679999999999999e-01, 2.319999999985299e-01, 5.963130378290838e+03, 2.410576177157284e+03, 1.060454793953597e+03, 4.672561178942599e+03, 1.249073850424916e+03, 4.904012560643214e+00, 1.814567253451073e-01
114, 1.898241893024864e-01, 5.083623668126110e-02, 1.002094062903613e-20, 1.285574624819884e-14, 2.613177121538654e-19, 6.591591716636609e-03, 1.991209997721120e-03, 4.010320871938783e+01, 1.072301255004238e+01, 1.131506807221558e+05, 4.365747444771804e+02, 1.167560542876996e-18, 1.497849615548483e-12, 3.044666774910214e-17, 7.680000000000000e-01, 2.319999999985022e-01, 5.962584489945142e+03, 2.410300360462610e+03, 1.061625880612582e+03, 4.672507888914777e+03, 1.249360396161587e+03, 4.904315984644934e+00, 1.814384087055270e-01
115, 1.906661504037847e-01, 5.106171971363592e-02, 1.020396285050409e-20, 1.309819888667353e-14, 2.662672176869488e-19, 6.591662209164128e-03, 1.991231292338566e-03, 4.010327004984866e+01, 1.072524572430062e+01, 1.131525705669564e+05, 4.380289548552548e+02, 1.188872126713679e-18, 1.526081954105606e-12, 3.102301311788668e-17, 7.679999999999999e-01, 2.319999999984739e-01, 5.961968479369534e+03, 2.410025572314426e+03, 1.062792597123347e+03, 4.672465065862250e+03, 1.249607224231138e+03, 4.904618278378178e+00, 1.814177391972293e-01
116, 1.915081115050830e-01, 5.128720274601074e-02, 1.038626422178905e-20, 1.334351864920123e-14, 2.712778671365510e-19, 6.591140609068279e-03, 1.991073725642699e-03, 4.009993503823056e+01, 1.072640675300627e+01, 1.131445320630684e+05, 4.394414209116823e+02, 1.210207973921765e-18, 1.554787392714289e-12, 3.160930927102802e-17, 7.680000000000001e-01, 2.319999999984452e-01, 5.960581416077046e+03, 2.409655552012404e+03, 1.063955832178198e+03, 4.672446232900877e+03, 1.249841396946517e+03, 4.905037744648345e+00, 1.813711979244511e-01
117, 1.923500726063814e-01, 5.151268577838557e-02, 1.056176169585037e-20, 1.357885660944149e-14, 2.760772490106789e-19, 6.591298556570069e-03, 1.991121438950296e-03, 4.010053739247184e+01, 1.072866655472265e+01, 1.131478670623277e+05, 4.408068192676845e+02, 1.230627457214448e-18, 1.582171067893152e-12, 3.216776260709006e-17, 7.680000000000000e-01, 2.319999999984177e-01, 5.960100604922788e+03, 2.409403438805282e+03, 1.065043436941053e+03, 4.672404451581146e+03, 1.250074752844251e+03, 4.905314589648319e+00, 1.813550648732729e-01
118, 1.938060252885054e-01, 5.235167164821233e-02, 4.070009856668918e-09, 2.693993540016375e-07, 2.800628815391809e-08, 2.240663743145610e-02, 6.768392570318469e-03, 1.075710281201544e+02, 4.381176515311346e+01, 3.543680358624757e+05, 5.608340418282444e+03, 1.395017520132701e-07, 9.233806108084019e-06, 9.599304184628371e-07, 7.679994124074467e-01, 2.319902543542747e-01, 5.053109982453844e+04, 6.009038316037109e+03, 1.798902610935156e+03, 3.687054188343457e+03, 1.501671546971500e+03, 2.556644798581542e+00, 1.676882373474995e+00
119, 1.944200168693315e-01, 5.296517448566464e-02, 1.205556442431566e-06, 2.567413683238187e-05, 9.282924319011713e-06, 2.808780049015561e-02, 8.455905733454441e-03, 1.167412132927084e+02, 6.451219110752298e+01, 4.337082950649792e+05, 1.629478182281405e+04, 3.295682791168506e-05, 7.018651965056339e-04, 2.537713942963992e-04, 7.678485839325173e-01, 2.311628226487690e-01, 7.395199626049963e+04, 7.009451295668635e+03, 2.805870852849117e+03, 3.191406010762131e+03, 1.763598207188100e+03, 2.167200094877392e+00, 2.462742929109509e+00
120, 1.950340084501591e-01, 5.357867732311846e-02, 7.365317373607616e-06, 1.277957434861191e-04, 6.018880551607792e-05, 2.972708607911777e-02, 8.830880766847916e-03, 1.120165878635592e+02, 7.817704575093852e+01, 4.573433774994355e+05, 2.515803844586890e+04, 1.900564389953760e-04, 3.297672414330950e-03, 1.553126561085029e-03, 7.670849517159082e-01, 2.278741928696805e-01, 8.048031283199116e+04, 7.182449186831198e+03, 3.540921104706377e+03, 2.890503248922847e+03, 2.017299482550923e+03, 2.066465401800045e+00, 2.681792891704155e+00
121, 1.956480000309866e-01, 5.419218016057227e-02, 1.515208195154818e-05, 2.679631504749127e-04, 1.391587151084835e-04, 2.992019758528863e-02, 8.720429862342631e-03, 1.056598162982222e+02, 8.678180852211071e+01, 4.621025726084872e+05, 3.048783924351650e+04, 3.878893121191238e-04, 6.859786162941585e-03, 3.562426500293281e-03, 7.659491875068725e-01, 2.232407105177736e-01, 8.001757518031761e+04, 7.060521290200079e+03, 4.004993179111521e+03, 2.704863502824626e+03, 2.221591469722457e+03, 2.065373928856605e+00, 2.666266275588008e+00
122, 1.962619916118142e-01, 5.480568299802609e-02, 1.991173504393253e-05, 3.940394540393589e-04, 2.127003788713519e-04, 2.941812341976413e-02, 8.415280541243093e-03, 1.004836546415170e+02, 9.082343875426149e+01, 4.572652764673033e+05, 3.318187817275846e+04, 5.177250726780215e-04, 1.024542082999938e-02, 5.530423083013505e-03, 7.649007006142042e-01, 2.188057304001049e-01, 7.648849610593669e+04, 6.833287846441730e+03, 4.296948297029744e+03, 2.612675755651186e+03, 2.361500458205736e+03, 2.108233493963463e+00, 2.547852189694489e+00
123, 1.968759831926407e-01, 5.541918583547877e-02, 2.194335857066361e-05, 4.998528273974090e-04, 2.728090631384585e-04, 2.886053686484807e-02, 8.118069023070206e-03, 9.751797319021436e+01, 9.220984828081406e+01, 4.513865066555989e+05, 3.474242438176463e+04, 5.809238322646871e-04, 1.323299799914177e-02, 7.222289419579015e-03, 7.640477469642328e-01, 2.149160417847817e-01, 7.283514797540075e+04, 6.607175738336678e+03, 4.501052049389069e+03, 2.581670190454857e+03, 2.441144014638225e+03, 2.159435214607477e+00, 2.425268402193467e+00
124, 1.974899747734663e-01, 5.603268867293071e-02, 2.291137213847242e-05, 5.983702006099551e-04, 3.259398536129667e-04, 2.849756207710481e-02, 7.889357864913004e-03, 9.633604217774827e+01, 9.266390260025908e+01, 4.480781027558245e+05, 3.596691053056495e+04, 6.136841855395556e-04, 1.602742633627983e-02, 8.730342835446245e-03, 7.633110346885146e-01, 2.113175119542198e-01, 7.005008315251628e+04, 6.413094280991707e+03, 4.659179265058807e+03, 2.580373852104758e+03, 2.482015099421635e+03, 2.205272776389454e+00, 2.331818836965487e+00
125, 1.981039663542920e-01, 5.664619151038264e-02, 2.383642890834808e-05, 7.113886218353902e-04, 3.833400293646118e-04, 2.837055492722816e-02, 7.715740145954410e-03, 9.609661625505980e+01, 9.343487230411080e+01, 4.482750826426820e+05, 3.732152251992375e+04, 6.406805135172551e-04, 1.912085192376312e-02, 1.030349335503964e-02, 7.625496994300266e-01, 2.073852747776536e-01, 6.805892134555554e+04, 6.235153687003544e+03, 4.805708058777932e+03, 2.582904917774827e+03, 2.511362008058673e+03, 2.246567975808860e+00, 2.265007751051039e+00
126, 1.987179579351177e-01, 5.725969434783457e-02, 2.454667005549563e-05, 8.327132065758909e-04, 4.426971952590425e-04, 2.834494025254124e-02, 7.563612828545763e-03, 9.639925937544405e+01, 9.413422337839464e+01, 4.498833095706272e+05, 3.854673538677946e+04, 6.597058026396525e-04, 2.237964388126024e-02, 1.189774042118205e-02, 7.617864874461541e-01, 2.032764224487640e-01, 6.650134959935067e+04, 6.074212587470061e+03, 4.929908017024944e+03, 2.590785252597118e+03, 2.529911114188000e+03, 2.283801437315259e+00, 2.212745268218240e+00
127, 1.993319495159453e-01, 5.787319718528838e-02, 2.555260303239859e-05, 9.657678878300950e-04, 5.071735894565468e-04, 2.856362278036801e-02, 7.471635121344484e-03, 9.757659476063404e+01, 9.515635241136481e+01, 4.550017721470855e+05, 3.984125771288796e+04, 6.807900005475431e-04, 2.573065139590722e-02, 1.351246711757847e-02, 7.610116567627511e-01, 1.990644347232157e-01, 6.589663644079212e+04, 5.949090719772099e+03, 5.030243869317466e+03, 2.599702657153666e+03, 2.535220898164373e+03, 2.309890496714461e+00, 2.192454831424597e+00
128, 1.999459410967732e-01, 5.848670002274249e-02, 2.651075718313304e-05, 1.104530471126657e-03, 5.741570022620155e-04, 2.884644112168259e-02, 7.392326201833641e-03, 9.891658361987686e+01, 9.634666235329155e+01, 4.610198394069125e+05, 4.098336624284727e+04, 6.986817744535086e-04, 2.910951596643688e-02, 1.513170787179772e-02, 7.602379113633448e-01, 1.948221830239671e-01, 6.557156776441791e+04, 5.838271589326901e+03, 5.107821360861012e+03, 2.606912118314943e+03, 2.539182738186712e+03, 2.332507653382081e+00, 2.181547535398021e+00
129, 2.005599326776022e-01, 5.910020286019781e-02, 2.711575569258502e-05, 1.236610276426928e-03, 6.377330876955414e-04, 2.909233407290085e-02, 7.309775165970546e-03, 1.000764711232172e+02, 9.748856589587139e+01, 4.663574876533273e+05, 4.183392958206245e+04, 7.079172216714826e-04, 3.228446668067392e-02, 1.664944325091625e-02, 7.595202045008247e-01, 1.908379683459137e-01, 6.522453513055154e+04, 5.736809954418638e+03, 5.162618308833888e+03, 2.612719269026588e+03, 2.545156236697279e+03, 2.354378652799331e+00, 2.169903264683652e+00
130, 2.011739242584307e-01, 5.971370569765253e-02, 2.777201710242624e-05, 1.381933636834108e-03, 7.072592847821521e-04, 2.939340653674808e-02, 7.228331274281924e-03, 1.013218585390360e+02, 9.884760776291263e+01, 4.725647793129411e+05, 4.265900191970546e+04, 7.169062237791739e-04, 3.567320376630507e-02, 1.825717524283232e-02, 7.587607341068943e-01, 1.865919806601891e-01, 6.505609649939812e+04, 5.640938120516284e+03, 5.208331577998495e+03, 2.615520173547714e+03, 2.551649919757674e+03, 2.374211549948603e+00, 2.164251505083823e+00
131, 2.017879158392583e-01, 6.032720853510635e-02, 2.829826317922420e-05, 1.524944266787344e-03, 7.763571123570140e-04, 2.969168274149166e-02, 7.148484138220504e-03, 1.025345181671741e+02, 1.001717859179275e+02, 4.786260268411908e+05, 4.328745843633920e+04, 7.224516685159315e-04, 3.893166598094108e-02, 1.982031503609444e-02, 7.580255226894959e-01, 1.825000446249527e-01, 6.497720941013955e+04, 5.556262163625789e+03, 5.236294420961489e+03, 2.617695413361506e+03, 2.557375108722536e+03, 2.391677957431652e+00, 2.161604541848806e+00
132, 2.024019074200850e-01, 6.094071137255926e-02, 2.875063119351505e-05, 1.669720744771565e-03, 8.472643020574117e-04, 2.997806152298022e-02, 7.062545202733704e-03, 1.036617670597861e+02, 1.014816065232668e+02, 4.844592449344781e+05, 4.374531065377375e+04, 7.262765248754424e-04, 4.217921240973164e-02, 2.140294481910613e-02, 7.572829340290529e-01, 1.784086322172340e-01, 6.492528688085143e+04, 5.477895793505970e+03, 5.250721462237211e+03, 2.618624524654286e+03, 2.563550971399880e+03, 2.407809921689816e+00, 2.159862342619674e+00
133, 2.030158990009110e-01, 6.155421421001157e-02, 2.904166377174316e-05, 1.804708344248744e-03, 9.150591987636173e-04, 3.023051487280138e-02, 6.977318723851305e-03, 1.046774944898966e+02, 1.026519815325022e+02, 4.896464462988777e+05, 4.400663751805208e+04, 7.268294264513433e-04, 4.516666610673097e-02, 2.290130337689207e-02, 7.565829547171357e-01, 1.746222463727900e-01, 6.487716377848438e+04, 5.409079554177158e+03, 5.251552387161932e+03, 2.619777016924278e+03, 2.569084245578129e+03, 2.422315821014351e+00, 2.158247628679564e+00
134, 2.036298905817386e-01, 6.216771704746538e-02, 2.927963707704281e-05, 1.937641712098460e-03, 9.834777213049515e-04, 3.047145928989423e-02, 6.890409209264399e-03, 1.056336607314330e+02, 1.037856019260497e+02, 4.946066759774049e+05, 4.415062957265066e+04, 7.263207664134126e-04, 4.806580797647270e-02, 2.439648723818382e-02, 7.558855188995522e-01, 1.709258651193779e-01, 6.485234196586625e+04, 5.345897824332383e+03, 5.243561175141845e+03, 2.620384987000590e+03, 2.574541403476275e+03, 2.435651925171829e+00, 2.157414762033777e+00
135, 2.042438821625666e-01, 6.278121988491957e-02, 2.941909488244499e-05, 2.059398665801148e-03, 1.048305807015538e-03, 3.069273396667944e-02, 6.810112595638422e-03, 1.065348797899851e+02, 1.048130284052468e+02, 4.991523455664791e+05, 4.418833427074550e+04, 7.238955832970905e-04, 5.067421701375859e-02, 2.579494531274892e-02, 7.552351507268839e-01, 1.675717913633115e-01, 6.485457215171315e+04, 5.291069322471473e+03, 5.228111241727010e+03, 2.621431055415506e+03, 2.579062633902654e+03, 2.447457541924516e+00, 2.157489593289430e+00
136, 2.048578737433964e-01, 6.339472272237563e-02, 2.954850352359218e-05, 2.178524715559889e-03, 1.113536658387727e-03, 3.091308360121028e-02, 6.732006448188175e-03, 1.074177810904991e+02, 1.058311565026127e+02, 5.036468156939246e+05, 4.417581158088037e+04, 7.212810301132310e-04, 5.317794011840859e-02, 2.718150742860714e-02, 7.545905248993388e-01, 1.643287465235323e-01, 6.489450165743700e+04, 5.240811269546130e+03, 5.208376749794612e+03, 2.622075521881243e+03, 2.583345905126205e+03, 2.458219267245673e+00, 2.158829380758289e+00
137, 2.054718653242259e-01, 6.400822555983141e-02, 2.962447428986348e-05, 2.287193537376906e-03, 1.175192195116905e-03, 3.112290795255058e-02, 6.662564089950447e-03, 1.082713799362286e+02, 1.067791797572790e+02, 5.078879367845025e+05, 4.412202659848699e+04, 7.176909219160730e-04, 5.541019976858062e-02, 2.847053965209493e-02, 7.539924011012059e-01, 1.614091685562024e-01, 6.496645902596792e+04, 5.197165273841564e+03, 5.185747627087215e+03, 2.623013179010084e+03, 2.586862713971111e+03, 2.467711233738652e+00, 2.161243825387696e+00
138, 2.060858569050542e-01, 6.462172839728597e-02, 2.973396760427179e-05, 2.395436941519070e-03, 1.237839774654693e-03, 3.133894102310705e-02, 6.595043753449391e-03, 1.090959322980282e+02, 1.077729200830469e+02, 5.122084547642007e+05, 4.406283165131039e+04, 7.148104634774673e-04, 5.758677796340556e-02, 2.975791306453988e-02, 7.533943419781564e-01, 1.585461565304208e-01, 6.508018794059312e+04, 5.156657574993770e+03, 5.162012290447855e+03, 2.622687794892747e+03, 2.590882319513090e+03, 2.476282694306979e+00, 2.165059864977959e+00
139, 2.066998484858817e-01, 6.523523123473965e-02, 2.975521939178195e-05, 2.495982729437440e-03, 1.297803491711734e-03, 3.152680040563138e-02, 6.527736169777195e-03, 1.098106277578370e+02, 1.086935960261730e+02, 5.160426883367726e+05, 4.394682544623703e+04, 7.105201767007905e-04, 5.960117674184640e-02, 3.099004427131201e-02, 7.528234794735374e-01, 1.558747793366034e-01, 6.514685550819476e+04, 5.118484770757554e+03, 5.136554118363839e+03, 2.622150608631441e+03, 2.595477184620946e+03, 2.484784828447540e+00, 2.167296816576352e+00
140, 2.073138400667077e-01, 6.584873407219195e-02, 2.959071870517908e-05, 2.579503916675597e-03, 1.350777929080413e-03, 3.166937509293489e-02, 6.466458475234718e-03, 1.104507146614426e+02, 1.094145007413712e+02, 5.190812628153909e+05, 4.375527198585048e+04, 7.029391219129976e-04, 6.127712666342650e-02, 3.208825918787351e-02, 7.523184192030012e-01, 1.536132558237857e-01, 6.512855301564152e+04, 5.083346492773057e+03, 5.109108896437891e+03, 2.623800021632750e+03, 2.599184353782765e+03, 2.493721948907914e+00, 2.166682698025992e+00
141, 2.079278316475338e-01, 6.646223690964426e-02, 2.946462586729183e-05, 2.657812462671903e-03, 1.401735703865180e-03, 3.183121118748359e-02, 6.417014497173623e-03, 1.111480476776075e+02, 1.101660211313917e+02, 5.223678050604062e+05, 4.361762129379037e+04, 6.959505845723933e-04, 6.277718052186876e-02, 3.310881281557002e-02, 7.518490183229550e-01, 1.515690377550339e-01, 6.519402881285995e+04, 5.052990918152854e+03, 5.083556680954743e+03, 2.625302255786659e+03, 2.602106918028673e+03, 2.501352898387112e+00, 2.168879661174836e+00
142, 2.085418232283599e-01, 6.707573974709657e-02, 2.939565083817327e-05, 2.737166644964043e-03, 1.453516927181022e-03, 3.200336043980659e-02, 6.369334618741775e-03, 1.118538739293278e+02, 1.109487995778463e+02, 5.258073998930299e+05, 4.350826012986692e+04, 6.901558147838082e-04, 6.426363840194578e-02, 3.412590402244056e-02, 7.513800399163802e-01, 1.495402618444496e-01, 6.530079390581401e+04, 5.024561029058675e+03, 5.059367468098729e+03, 2.626123229024509e+03, 2.604873747938841e+03, 2.508186119516200e+00, 2.172462037942551e+00
143, 2.091558148091877e-01, 6.768924258455068e-02, 2.924972606694425e-05, 2.809216355281663e-03, 1.502383370578236e-03, 3.215313023409621e-02, 6.323318664672107e-03, 1.125259960104175e+02, 1.116306268282390e+02, 5.288639708912076e+05, 4.336812947820558e+04, 6.831287165148609e-04, 6.560937900081344e-02, 3.508823369174212e-02, 7.509378562548702e-01, 1.476814023360595e-01, 6.536019784062354e+04, 4.997067859184108e+03, 5.034889880413636e+03, 2.628049885090206e+03, 2.607138496079976e+03, 2.515324460070767e+00, 2.174455266909851e+00
144, 2.097698063900161e-01, 6.830274542200525e-02, 2.911303840720508e-05, 2.877411407875726e-03, 1.549571424684508e-03, 3.230468121180175e-02, 6.282356478568279e-03, 1.132084367130503e+02, 1.122961071209171e+02, 5.319157084132930e+05, 4.324605173935766e+04, 6.763689350292845e-04, 6.684948724226472e-02, 3.600043250745982e-02, 7.505188061126365e-01, 1.459549052026097e-01, 6.544263144757946e+04, 4.971907141090627e+03, 5.011542921783937e+03, 2.630116056762588e+03, 2.608920351044900e+03, 2.521904918276221e+00, 2.177221229363187e+00
145, 2.103837979708436e-01, 6.891624825945906e-02, 2.902738845818719e-05, 2.944801527687043e-03, 1.596310956173902e-03, 3.246409306087905e-02, 6.244765188950101e-03, 1.139075531390030e+02, 1.129660607177064e+02, 5.350670187413199e+05, 4.315250025063080e+04, 6.707037990172940e-04, 6.804227582569716e-02, 3.688419384544349e-02, 7.501119357997652e-01, 1.442908907300769e-01, 6.556468090589791e+04, 4.949044211550500e+03, 4.989730717612303e+03, 2.631935998553306e+03, 2.610181973225840e+03, 2.527640106420815e+00, 2.181316454983234e+00
146, 2.109977895516708e-01, 6.952975109691242e-02, 2.900215621638252e-05, 3.017807283165191e-03, 1.646403213911117e-03, 3.263201475800361e-02, 6.202832279329858e-03, 1.146072631845248e+02, 1.136794300793333e+02, 5.383807574118171e+05, 4.306290372483338e+04, 6.662864465476779e-04, 6.933015862903444e-02, 3.782395139165077e-02, 7.496776789485742e-01, 1.425019245841930e-01, 6.570745185166883e+04, 4.926077473559224e+03, 4.967823296634218e+03, 2.632951342170799e+03, 2.611635595229953e+03, 2.533016932836099e+00, 2.186106965674350e+00
147, 2.116117811324961e-01, 7.014325393436399e-02, 2.896457506880439e-05, 3.086932511999349e-03, 1.694527712772040e-03, 3.278918821118148e-02, 6.162301043623533e-03, 1.152626994140467e+02, 1.143553382387914e+02, 5.414958408610683e+05, 4.296767963400239e+04, 6.618671896443222e-04, 7.053924808098470e-02, 3.872151731425858e-02, 7.492631188443413e-01, 1.408142485707712e-01, 6.583783040997734e+04, 4.904468651237135e+03, 4.946560293995236e+03, 2.633858730907404e+03, 2.613124693220609e+03, 2.538151700122667e+00, 2.190481664420631e+00
148, 2.122257727133214e-01, 7.075675677181555e-02, 2.892063791130705e-05, 3.156017745696924e-03, 1.743046309486067e-03, 3.293716234366179e-02, 6.118874358774517e-03, 1.158757987860617e+02, 1.150143106995812e+02, 5.444699424810843e+05, 4.285556616163933e+04, 6.575260058928079e-04, 7.175373341414434e-02, 3.962908015644029e-02, 7.488438141540342e-01, 1.391158462694882e-01, 6.594616404605488e+04, 4.882729236274817e+03, 4.925085856388586e+03, 2.634497599572292e+03, 2.614911212080947e+03, 2.543362283510435e+00, 2.194116671802802e+00
149, 2.128397642941467e-01, 7.137025960926710e-02, 2.884494669638192e-05, 3.218944184136691e-03, 1.788216507979185e-03, 3.307129101299129e-02, 6.078727614507801e-03, 1.164433551061594e+02, 1.156182095459092e+02, 5.471834466746107e+05, 4.274005668433641e+04, 6.528070170452991e-04, 7.284982610646197e-02, 4.047018344989618e-02, 7.484559102595197e-01, 1.375712731670768e-01, 6.603608259508436e+04, 4.862546510404492e+03, 4.904593603450306e+03, 2.635298310713577e+03, 2.616623954422161e+03, 2.548403017850298e+00, 2.197133782659142e+00
150, 2.134537558749734e-01, 7.198376244672000e-02, 2.879746906801753e-05, 3.285069388746832e-03, 1.835374517455250e-03, 3.320557955005860e-02, 6.034659312962763e-03, 1.169761510815670e+02, 1.162507339870516e+02, 5.499163106609281e+05, 4.261894258541016e+04, 6.487453539313155e-04, 7.400558355520122e-02, 4.134706033056927e-02, 7.480506501045859e-01, 1.359479606557122e-01, 6.612680768328515e+04, 4.842197005949288e+03, 4.883954797081168e+03, 2.635222364704791e+03, 2.618880269897164e+03, 2.553275963919465e+00, 2.200177955986086e+00
151, 2.140677474558010e-01, 7.259726528417382e-02, 2.879281462644518e-05, 3.352716305850867e-03, 1.882939785523184e-03, 3.335158738010723e-02, 5.992462713847598e-03, 1.175201842856072e+02, 1.169336583924199e+02, 5.528308828016107e+05, 4.252217381088784e+04, 6.454558048786626e-04, 7.515868906179124e-02, 4.221033721679518e-02, 7.476509662461549e-01, 1.343345516703801e-01, 6.625180708493618e+04, 4.822849382133461e+03, 4.864241641598137e+03, 2.634479682576293e+03, 2.621331383343274e+03, 2.557688166134355e+00, 2.204372163475286e+00
152, 2.146817390366291e-01, 7.321076812162823e-02, 2.871704251362171e-05, 3.429503056962470e-03, 1.936551783394842e-03, 3.343706580801137e-02, 5.920448383154799e-03, 1.179529548107063e+02, 1.173526613370821e+02, 5.548737295440612e+05, 4.228113493325555e+04, 6.416888394508590e-04, 7.663302498756785e-02, 4.327268958262953e-02, 7.471588323486735e-01, 1.322937642416781e-01, 6.620445650552763e+04, 4.797966688379292e+03, 4.840184191870549e+03, 2.635685574041240e+03, 2.622271879987018e+03, 2.563397853392403e+00, 2.202783370631879e+00
153, 2.152957306174574e-01, 7.382427095908280e-02, 2.853258308494373e-05, 3.471147930934464e-03, 1.970323495227822e-03, 3.352620295071695e-02, 5.892429572891349e-03, 1.183804269248400e+02, 1.177762117326285e+02, 5.567383437972682e+05, 4.215767988512531e+04, 6.356304242847687e-04, 7.732798763878275e-02, 4.389359195139898e-02, 7.468750565898337e-01, 1.312677333956998e-01, 6.623213207836145e+04, 4.782619237808583e+03, 4.822920514735799e+03, 2.637202554330055e+03, 2.623742239228497e+03, 2.568047571427192e+00, 2.203711991835775e+00
154, 2.159097221982835e-01, 7.443777379653511e-02, 2.843501133308476e-05, 3.522988358701535e-03, 2.009397662843744e-03, 3.364294180430247e-02, 5.860499882168466e-03, 1.188434761550021e+02, 1.183376175462856e+02, 5.590929698425963e+05, 4.206127491529471e+04, 6.309880516668384e-04, 7.817698872922789e-02, 4.458960474640065e-02, 7.465548036106481e-01, 1.300476148620564e-01, 6.631486963832307e+04, 4.766544347229595e+03, 4.805619389641630e+03, 2.637200055732279e+03, 2.625974783683186e+03, 2.572334190869631e+00, 2.206488153073713e+00
155, 2.165237137791095e-01, 7.505127663398728e-02, 2.828802932713099e-05, 3.585886024214871e-03, 2.055660808220912e-03, 3.370652869299556e-02, 5.798622231733807e-03, 1.191990975522590e+02, 1.186794035541751e+02, 5.607039410022094e+05, 4.182918406792780e+04, 6.261878965679576e-04, 7.937769014831839e-02, 4.550440409514356e-02, 7.461325799259931e-01, 1.283591379339769e-01, 6.624052795013505e+04, 4.744758291232703e+03, 4.783876596958540e+03, 2.638608412974877e+03, 2.627104391688847e+03, 2.577876468928162e+00, 2.203993705410448e+00
156, 2.171377053599348e-01, 7.566477947143883e-02, 2.804858034752693e-05, 3.615396169639814e-03, 2.082046423743809e-03, 3.376669413561692e-02, 5.776866452772505e-03, 1.195184059593086e+02, 1.190046520688764e+02, 5.620294385489717e+05, 4.170676716811647e+04, 6.195972580763645e-04, 7.986463221359189e-02, 4.599271119449394e-02, 7.459112312105376e-01, 1.276118281233000e-01, 6.622049054043839e+04, 4.731559496023724e+03, 4.769187677670282e+03, 2.640179135789122e+03, 2.628830236918171e+03, 2.582443029639214e+00, 2.203321373761626e+00
157, 2.177516969407601e-01, 7.627828230889039e-02, 2.789508744232969e-05, 3.658099686214929e-03, 2.115600349006227e-03, 3.384534353176622e-02, 5.744715595502116e-03, 1.198535733026875e+02, 1.194303388399867e+02, 5.637227824524507e+05, 4.158222896538310e+04, 6.145422083261393e-04, 8.058969752617957e-02, 4.660769438711092e-02, 7.456292151286171e-01, 1.265588507497663e-01, 6.622864029046791e+04, 4.716509057849886e+03, 4.753276162237998e+03, 2.640431931446242e+03, 2.631107872438160e+03, 2.586835214881853e+00, 2.203594829011471e+00
158, 2.183656885215854e-01, 7.689178514634194e-02, 2.767039166880497e-05, 3.709427310189528e-03, 2.154998298798191e-03, 3.386816785724325e-02, 5.684763307429761e-03, 1.200621835685572e+02, 1.196449503625021e+02, 5.646202124137233e+05, 4.132189667259435e+04, 6.088761168111920e-04, 8.162449318590104e-02, 4.741989241107245e-02, 7.452557511745007e-01, 1.250909871117147e-01, 6.607192675705650e+04, 4.695766518519212e+03, 4.732910184555009e+03, 2.641921263062944e+03, 2.632740209995528e+03, 2.592695433639082e+00, 2.198336491236959e+00
159, 2.189796801024116e-01, 7.750528798379440e-02, 2.727689973220106e-05, 3.720044404265979e-03, 2.169741310475645e-03, 3.386088091355985e-02, 5.666043962516069e-03, 1.201643584234177e+02, 1.197505766866573e+02, 5.647737307419860e+05, 4.114379566934023e+04, 6.002312129382001e-04, 8.185999094026633e-02, 4.774539890292091e-02, 7.451124512478433e-01, 1.246819276960312e-01, 6.590397968374082e+04, 4.683050865393410e+03, 4.719719903680700e+03, 2.644230074405471e+03, 2.635124761258240e+03, 2.598219325464200e+00, 2.192701225280597e+00
160, 2.195936716832384e-01, 7.811879082124745e-02, 2.689109611654058e-05, 3.738080255731064e-03, 2.188566647772030e-03, 3.383479880799588e-02, 5.632629414371441e-03, 1.201802933397873e+02, 1.198206615213398e+02, 5.646802078503576e+05, 4.091045384202550e+04, 5.920414811326359e-04, 8.229856312307091e-02, 4.818406189502437e-02, 7.449158752509639e-01, 1.240094582498082e-01, 6.567801034438256e+04, 4.667678191610921e+03, 4.704515318246695e+03, 2.645921109481189e+03, 2.638003360292634e+03, 2.604167154944615e+00, 2.185119090622772e+00
161, 2.202076632640656e-01, 7.873229365870087e-02, 2.646999747201875e-05, 3.753295263364447e-03, 2.205264004551509e-03, 3.377608525498262e-02, 5.593002212579073e-03, 1.200785261893571e+02, 1.197884320570693e+02, 5.640524941753624e+05, 4.063216234058793e+04, 5.836294338588311e-04, 8.275533807579778e-02, 4.862323783166941e-02, 7.447192821295618e-01, 1.233185125291122e-01, 6.537797790779547e+04, 4.651459025330020e+03, 4.688878465234450e+03, 2.647577217662368e+03, 2.641181014777502e+03, 2.610484543007361e+00, 2.175051856092727e+00
162, 2.208279426328603e-01, 7.935207927898044e-02, 2.593382524375360e-05, 3.761731506949883e-03, 2.218008001831378e-03, 3.366250878813761e-02, 5.545096324615447e-03, 1.198037799875012e+02, 1.195877245808428e+02, 5.625354503457944e+05, 4.027032156278843e+04, 5.735886919653725e-04, 8.319970672726004e-02, 4.905656209916879e-02, 7.445270492331756e-01, 1.226430932484303e-01, 6.494044924564594e+04, 4.633040691172094e+03, 4.671679956616857e+03, 2.649747687032382e+03, 2.644969103968278e+03, 2.618027847098611e+00, 2.160371097886781e+00
163, 2.214867247063483e-01, 8.001033695541925e-02, 2.516976372515935e-05, 3.745248124940196e-03, 2.215434008754048e-03, 3.344490833371905e-02, 5.496624930152017e-03, 1.191504470709866e+02, 1.191032016330717e+02, 5.592437424019029e+05, 3.979866148773931e+04, 5.602321086526457e-04, 8.336225470266428e-02, 4.931143890971137e-02, 7.444214305740467e-01, 1.223446437049250e-01, 6.426449209952071e+04, 4.613421668916132e+03, 4.654668923472409e+03, 2.652067255711265e+03, 2.651015660170031e+03, 2.627532907010826e+00, 2.137690153120573e+00
164, 2.222033280383830e-01, 8.072636986411090e-02, 2.434642906133726e-05, 3.729541556583492e-03, 2.213171179723036e-03, 3.318987668624229e-02, 5.435929440395874e-03, 1.183841657940487e+02, 1.184862790899558e+02, 5.553678795104163e+05, 3.924844690195576e+04, 5.459713992790174e-04, 8.363538723429083e-02, 4.963061165122713e-02, 7.442867030164150e-01, 1.219013266987881e-01, 6.349784369518223e+04, 4.591592564643082e+03, 4.634926755125484e+03, 2.654778180743432e+03, 2.657068082844102e+03, 2.637773372601652e+00, 2.111966170152753e+00
165, 2.229759888227050e-01, 8.149841560280313e-02, 2.322737896491611e-05, 3.684105169071448e-03, 2.193072998445365e-03, 3.277815354090576e-02, 5.364535465463859e-03, 1.170015054562176e+02, 1.174743390712509e+02, 5.488613310438441e+05, 3.850532996333308e+04, 5.273784506000923e-04, 8.364773652883434e-02, 4.979379902140381e-02, 7.442291209027615e-01, 1.218019650964003e-01, 6.237460062769873e+04, 4.566704724369601e+03, 4.613367663597968e+03, 2.656523267587766e+03, 2.667258971330515e+03, 2.650912000869271e+00, 2.074277073856257e+00
166, 2.238153296764035e-01, 8.233708833287685e-02, 2.191416717802160e-05, 3.623536003072317e-03, 2.163592703832455e-03, 3.222492270364753e-02, 5.269148108357005e-03, 1.152545934865034e+02, 1.159026577660256e+02, 5.400464537236172e+05, 3.755695562252579e+04, 5.060644677166093e-04, 8.367841696881274e-02, 4.996390604880653e-02, 7.441710297613295e-01, 1.216805827533346e-01, 6.091992493155292e+04, 4.536395479632499e+03, 4.587905002673080e+03, 2.661577509691480e+03, 2.676543275992265e+03, 2.666912929186604e+00, 2.025467146620256e+00
167, 2.247263668430166e-01, 8.324740030489064e-02, 2.048066220043704e-05, 3.565284614408743e-03, 2.135513775642038e-03, 3.157584047219134e-02, 5.141901919320405e-03, 1.130368243463114e+02, 1.141788407983820e+02, 5.297477777519254e+05, 3.641137498177026e+04, 4.825903497227543e-04, 8.400958582735450e-02, 5.031958096564178e-02, 7.440284765762870e-01, 1.211597662809938e-01, 5.922661368823458e+04, 4.498953264623349e+03, 4.554891684996867e+03, 2.663511563198963e+03, 2.690421148133288e+03, 2.685520575166159e+00, 1.968650085062650e+00
168, 2.257133683504263e-01, 8.423361614933411e-02, 1.885759245659889e-05, 3.479659352016380e-03, 2.089673687481872e-03, 3.072171109206418e-02, 4.986996832087551e-03, 1.102917711364518e+02, 1.116195071603559e+02, 5.160583633686151e+05, 3.502023813387820e+04, 4.566345928127916e-04, 8.425958059026788e-02, 5.060122577105421e-02, 7.439229619223149e-01, 1.207595971235502e-01, 5.706549453370932e+04, 4.453853604073633e+03, 4.519171246724510e+03, 2.670703490883407e+03, 2.702854477284970e+03, 2.708682453287806e+00, 1.896136280810481e+00
169, 2.267846657386780e-01, 8.530406077426431e-02, 1.712570326170492e-05, 3.397272816534532e-03, 2.046417045010916e-03, 2.983187662647341e-02, 4.817021022528257e-03, 1.071636506027562e+02, 1.092000425176839e+02, 5.018139311033441e+05, 3.349404609683846e+04, 4.269714712347767e-04, 8.469950404344782e-02, 5.102048558917105e-02, 7.437569166214584e-01, 1.200961222746881e-01, 5.483401051441066e+04, 4.404864818395783e+03, 4.473075410764478e+03, 2.671763072239130e+03, 2.722533615126645e+03, 2.733713318390390e+00, 1.821261466514176e+00
170, 2.279497513631443e-01, 8.646821897904511e-02, 1.509619177648085e-05, 3.257080509589313e-03, 1.967292758317791e-03, 2.855626886288534e-02, 4.602292465190770e-03, 1.026915254893446e+02, 1.054426568763525e+02, 4.810720132576638e+05, 3.153730371602980e+04, 3.931501555359222e-04, 8.482415485295114e-02, 5.123420961850246e-02, 7.436909726107190e-01, 1.198575127622915e-01, 5.182097169698770e+04, 4.348079297419830e+03, 4.422699552295076e+03, 2.674395623488068e+03, 2.746043344232249e+03, 2.764837154901636e+00, 1.720162502788231e+00
171, 2.292163017824567e-01, 8.773376121169130e-02, 1.315615202833917e-05, 3.099337689584753e-03, 1.875606447178374e-03, 2.720948062204485e-02, 4.388565762352760e-03, 9.815739953996777e+01, 1.012316245260183e+02, 4.590772465265670e+05, 2.956505074045942e+04, 3.595938141794038e-04, 8.471342219419893e-02, 5.126548209442480e-02, 7.437099311140191e-01, 1.199515707831777e-01, 4.867016938725654e+04, 4.286484332278494e+03, 4.373164097977382e+03, 2.682911660983940e+03, 2.766938683930943e+03, 2.800044408730988e+00, 1.614441047565963e+00
172, 2.305933958106166e-01, 8.910975905937840e-02, 1.142156355821478e-05, 2.949978635556917e-03, 1.789102511462249e-03, 2.586587484371813e-02, 4.165446229802116e-03, 9.357467067357135e+01, 9.689666827946655e+01, 4.370430416946498e+05, 2.759212262703234e+04, 3.283773625302754e-04, 8.481379969803819e-02, 5.143785796190000e-02, 7.436606833579583e-01, 1.197592816195732e-01, 4.566374087251652e+04, 4.230100232447348e+03, 4.318524325609958e+03, 2.690332492465619e+03, 2.785842078924224e+03, 2.832258047903651e+00, 1.513563884749881e+00
173, 2.320911820755517e-01, 9.060635307162615e-02, 9.882827566970614e-06, 2.805085295912800e-03, 1.704437966898137e-03, 2.457406432435336e-02, 3.952845233126448e-03, 8.915671688174669e+01, 9.270507883350655e+01, 4.158304216923699e+05, 2.572183688692510e+04, 2.990598913440835e-04, 8.488345042164011e-02, 5.157724646404357e-02, 7.436249349614386e-01, 1.196153082615338e-01, 4.279074783266117e+04, 4.172008678654702e+03, 4.263144665164768e+03, 2.697932133548644e+03, 2.805307551418862e+03, 2.866059361808639e+00, 1.417163991910248e+00
174, 2.337207809418026e-01, 9.223465476105469e-02, 8.455151313269200e-06, 2.647215969006099e-03, 1.610684526570420e-03, 2.317409821236961e-02, 3.724146380545956e-03, 8.489071239852872e+01, 8.761111485955196e+01, 3.928268370268280e+05, 2.379694684252769e+04, 2.713062657055924e-04, 8.494304270346169e-02, 5.168314414998188e-02, 7.436032560677682e-01, 1.194992508130827e-01, 3.967963546660856e+04, 4.102176538716619e+03, 4.208218029016402e+03, 2.723946777603810e+03, 2.811238205701404e+03, 2.906895426579380e+00, 1.312774285934966e+00
175, 2.354945224501510e-01, 9.400698435361138e-02, 7.666172163741152e-06, 2.558596539149785e-03, 1.559511016806995e-03, 2.239019447169749e-02, 3.595793156313667e-03, 8.186541122135421e+01, 8.516854955623370e+01, 3.797657472006264e+05, 2.266244575574687e+04, 2.545906256719215e-04, 8.497000586877909e-02, 5.179076037308694e-02, 7.435697369837903e-01, 1.194149061486718e-01, 3.812928705270019e+04, 4.079696886553634e+03, 4.167264209330593e+03, 2.718718784103405e+03, 2.828414736319992e+03, 2.921381334619536e+00, 1.260754173497663e+00
176, 2.374251109405689e-01, 9.593603607648776e-02, 6.862234236876533e-06, 2.443020391408070e-03, 1.491067483213258e-03, 2.137290732001227e-02, 3.430664090420536e-03, 7.819033754043646e+01, 8.176836355146074e+01, 3.628635062237673e+05, 2.133914650830268e+04, 2.387318999994887e-04, 8.499081780743895e-02, 5.187310153041071e-02, 7.435471592619307e-01, 1.193501895002201e-01, 3.605679149085138e+04, 4.041442332332624e+03, 4.128979148199418e+03, 2.720182261094915e+03, 2.844659059521460e+03, 2.944701560231077e+00, 1.191214029368772e+00
177, 2.395243380547313e-01, 9.803359218509550e-02, 6.150977920328663e-06, 2.338458526791175e-03, 1.429465232507956e-03, 2.038642099433069e-02, 3.261170045745727e-03, 7.483794977394705e+01, 7.819155187217399e+01, 3.464633009774103e+05, 2.004538722548059e+04, 2.243108777666398e-04, 8.527777071542211e-02, 5.212904438837921e-02, 7.434421074160232e-01, 1.189267666024088e-01, 3.409822857764678e+04, 4.005382983387512e+03, 4.087337316322221e+03, 2.729154033957708e+03, 2.851451567793293e+03, 2.965861990185653e+00, 1.125496760884853e+00
178, 2.418089104840787e-01, 1.003163460721834e-01, 5.538333055039190e-06, 2.234681897725696e-03, 1.367432034105221e-03, 1.940401532745862e-02, 3.092322268468816e-03, 7.167978059149088e+01, 7.449702241295748e+01, 3.301877018614397e+05, 1.882884801685313e+04, 2.121642356041973e-04, 8.560690950467846e-02, 5.238402410498839e-02, 7.433352307796980e-01, 1.184616713750310e-01, 3.208694584234684e+04, 3.958338890820199e+03, 4.051996085961451e+03, 2.745931981037682e+03, 2.853855782590170e+03, 2.993038872222241e+00, 1.058010540952040e+00
179, 2.442914626757913e-01, 1.027969221277867e-01, 5.319315791967689e-06, 2.204100427585018e-03, 1.350972694274821e-03, 1.899859536945757e-02, 3.006822217507029e-03, 7.024053965623658e+01, 7.288866304585656e+01, 3.233659261355622e+05, 1.825095844994961e+04, 2.080636516834753e-04, 8.621281412412783e-02, 5.284294504942411e-02, 7.431251093223529e-01, 1.176110678524117e-01, 3.143979012904121e+04, 3.958158133320387e+03, 4.026164913911438e+03, 2.747440413137877e+03, 2.851021069767579e+03, 2.991425755341151e+00, 1.036295994293632e+00
180, 2.469890960540022e-01, 1.054924081631355e-01, 5.228207030773325e-06, 2.165803151899761e-03, 1.330003913184579e-03, 1.841818749248946e-02, 2.877984252615143e-03, 6.820170666729115e+01, 7.049124777364146e+01, 3.136267659591617e+05, 1.758890974422060e+04, 2.108385443224612e-04, 8.734060857723935e-02, 5.363523046208370e-02, 7.427524994931676e-01, 1.160608229231868e-01, 3.051217540959706e+04, 3.956697798683997e+03, 4.012844760038519e+03, 2.750378565615491e+03, 2.842709169814601e+03, 2.987257429153583e+00, 1.005170976477583e+00
181, 2.499159038598824e-01, 1.084168862010416e-01, 5.252205109393581e-06, 2.149000605898085e-03, 1.321528227955214e-03, 1.797082520939754e-02, 2.762977470395459e-03, 6.661121223874686e+01, 6.858032871569026e+01, 3.061514077393775e+05, 1.709610463791335e+04, 2.169473531808225e-04, 8.876652448316191e-02, 5.458698684403226e-02, 7.423021154830990e-01, 1.141274258365261e-01, 2.983241923619152e+04, 3.957710197353015e+03, 4.005927475886901e+03, 2.751439802211127e+03, 2.832776040777587e+03, 2.979845234914444e+00, 9.823625598318284e-01
182, 2.530862646014175e-01, 1.115847233040559e-01, 5.394938324208860e-06, 2.149943211042507e-03, 1.323148404879725e-03, 1.760735301175068e-02, 2.651643666030896e-03, 6.539112171632898e+01, 6.683818947586163e+01, 3.000927053320936e+05, 1.672028256695436e+04, 2.272750767836116e-04, 9.057165791450363e-02, 5.574088844829408e-02, 7.417531521620538e-01, 1.117070263983648e-01, 2.933924821638663e+04, 3.963684990912133e+03, 4.005425149690847e+03, 2.754762207819042e+03, 2.815723504574386e+03, 2.967362638003424e+00, 9.658147879433181e-01
183, 2.565131612903392e-01, 1.150088921493043e-01, 5.846188257000322e-06, 2.191242187077732e-03, 1.348335499995995e-03, 1.749992417722345e-02, 2.568150319592654e-03, 6.492886579171072e+01, 6.596044514651661e+01, 2.982436032848015e+05, 1.668065919508157e+04, 2.475782353323877e-04, 9.279616906160755e-02, 5.710020085742217e-02, 7.410983286519455e-01, 1.087577231936925e-01, 2.946767186648518e+04, 3.994456230268537e+03, 4.020878648722641e+03, 2.749650423179024e+03, 2.793336425928311e+03, 2.937837443065459e+00, 9.701238920503709e-01
184, 2.602050217499423e-01, 1.186978138514507e-01, 6.471660179463812e-06, 2.245882585228855e-03, 1.378102074208637e-03, 1.737169608574963e-02, 2.463289027963024e-03, 6.433330834790345e+01, 6.498081640345035e+01, 2.960887088825611e+05, 1.665264174152035e+04, 2.757953732876152e-04, 9.571022099072343e-02, 5.872900700053409e-02, 7.403097928119687e-01, 1.049751838234861e-01, 2.956781235424325e+04, 4.023460308821971e+03, 4.043565478592551e+03, 2.741619352471518e+03, 2.769213466027260e+03, 2.905798981209630e+00, 9.734839880042659e-01
185, 2.641637952742093e-01, 1.226534361528205e-01, 7.029989482975658e-06, 2.303946824515649e-03, 1.408983309565027e-03, 1.733065707867416e-02, 2.380884818476063e-03, 6.409680937733836e+01, 6.438219480812383e+01, 2.954232709570409e+05, 1.667412044015304e+04, 3.000229979606522e-04, 9.832689438683519e-02, 6.013200981821224e-02, 7.396306503677631e-01, 1.016104224292287e-01, 2.976223459157946e+04, 4.046903824175045e+03, 4.060275424213033e+03, 2.735497251549456e+03, 2.747676813514079e+03, 2.878899174876050e+00, 9.800075968626417e-01
186, 2.683768577374415e-01, 1.268631449766438e-01, 8.115682386360757e-06, 2.398894405717775e-03, 1.454909029232221e-03, 1.735445764578345e-02, 2.275443174558104e-03, 6.392335664830372e+01, 6.382828524166078e+01, 2.957686242232895e+05, 1.685715138600133e+04, 3.454684399885182e-04, 1.021161583939374e-01, 6.193258049363517e-02, 7.387447073842539e-01, 9.686108528818498e-02, 3.025398140983448e+04, 4.090199585739136e+03, 4.096712437243221e+03, 2.721090014221450e+03, 2.717043013738083e+03, 2.834526815404333e+00, 9.965075813479508e-01
187, 2.727793361934920e-01, 1.312621190162810e-01, 9.396414324149933e-06, 2.507294950719003e-03, 1.502591264181476e-03, 1.739743688060000e-02, 2.161712146174164e-03, 6.372949570979508e+01, 6.338433142167127e+01, 2.964514460764170e+05, 1.705092385574227e+04, 3.985173594766770e-04, 1.063384955920552e-01, 6.372736262121950e-02, 7.378538629889647e-01, 9.168176143828395e-02, 3.077316851813488e+04, 4.130509721593506e+03, 4.133527090572547e+03, 2.702872550625355e+03, 2.688233566440162e+03, 2.790188918595107e+00, 1.013928292400700e+00
188, 2.772000755754640e-01, 1.356793394459619e-01, 1.051720090984508e-05, 2.600965080854030e-03, 1.540480885601531e-03, 1.743714806821532e-02, 2.065516596527941e-03, 6.357988985186248e+01, 6.306640384683043e+01, 2.971119125634395e+05, 1.718592679661487e+04, 4.446149389663650e-04, 1.099558656899896e-01, 6.512386906001078e-02, 7.371558830676771e-01, 8.731976724335606e-02, 3.117016271063916e+04, 4.157771145532111e+03, 4.159875251867183e+03, 2.687841478763808e+03, 2.666133844694205e+03, 2.756745446131041e+00, 1.027248964286941e+00
189, 2.816208149574442e-01, 1.400965598756510e-01, 1.163568813555125e-05, 2.692858642768295e-03, 1.577000345942761e-03, 1.753968371101030e-02, 1.990612510156453e-03, 6.366470672759319e+01, 6.303782406340993e+01, 2.988136888402983e+05, 1.737195417435083e+04, 4.886523733299719e-04, 1.130892948918413e-01, 6.622770847842159e-02, 7.365965788181709e-01, 8.359776543823638e-02, 3.164951639269664e+04, 4.182929346733449e+03, 4.183211171802447e+03, 2.673663102463444e+03, 2.647336537323165e+03, 2.727127245395409e+00, 1.043333111704490e+00
190, 2.860415543394000e-01, 1.445137803053158e-01, 1.253723123516619e-05, 2.772007656022526e-03, 1.607893492321611e-03, 1.764512756535505e-02, 1.931472565493302e-03, 6.379249591849719e+01, 6.315849938087106e+01, 3.006017339233106e+05, 1.751873618264873e+04, 5.230594139064821e-04, 1.156495140519121e-01, 6.708210225546185e-02, 7.361633449618179e-01, 8.058197931690170e-02, 3.204377461632064e+04, 4.198328063297557e+03, 4.198003895667596e+03, 2.661454104249716e+03, 2.635003458874420e+03, 2.706011534741152e+00, 1.056561981381951e+00
191, 2.904622937213857e-01, 1.489310007350103e-01, 1.357961544895944e-05, 2.857315965858562e-03, 1.637782402452921e-03, 1.774278649864274e-02, 1.864258030429115e-03, 6.392952869819549e+01, 6.316281559691383e+01, 3.022492074229369e+05, 1.765461115006702e+04, 5.631021604985523e-04, 1.184835314114327e-01, 6.791347020938042e-02, 7.357352237405106e-01, 7.730467247817761e-02, 3.243200123680096e+04, 4.213446253126759e+03, 4.213312247357324e+03, 2.650948096793606e+03, 2.619155016537616e+03, 2.683829052617063e+00, 1.069588467730028e+00
192, 2.948830331033522e-01, 1.533482211646858e-01, 1.502687692892534e-05, 2.959809513995841e-03, 1.666927864259745e-03, 1.783152766041868e-02, 1.777578229491305e-03, 6.385469598251894e+01, 6.310723199817517e+01, 3.036723888083067e+05, 1.780344182788919e+04, 6.196427938056893e-04, 1.220496211594517e-01, 6.873682693801951e-02, 7.352943442330736e-01, 7.329956487564947e-02, 3.288441669033765e+04, 4.235893962980774e+03, 4.234882476205372e+03, 2.633088858274867e+03, 2.602266707157335e+03, 2.654208164732206e+00, 1.084768734662428e+00
193, 2.993037724853487e-01, 1.577654415943912e-01, 1.642055552911700e-05, 3.052177720041457e-03, 1.690290332997808e-03, 1.791213655363337e-02, 1.700819015959493e-03, 6.383543802835611e+01, 6.300230218436147e+01, 3.049451372909526e+05, 1.793656591357633e+04, 6.737510468670600e-04, 1.252337614556229e-01, 6.935422369524329e-02, 7.349520382082455e-01, 6.978622559402117e-02, 3.329056194938582e+04, 4.255712536965146e+03, 4.254189522169279e+03, 2.619228875817153e+03, 2.585044517920216e+03, 2.628029556624063e+00, 1.098396459793130e+00
194, 3.037245118673154e-01, 1.621826620240668e-01, 1.742693161267658e-05, 3.137388940911005e-03, 1.713956952744574e-03, 1.804097117575216e-02, 1.645548692738080e-03, 6.396135436584200e+01, 6.333537627952191e+01, 3.071165985596986e+05, 1.805453776003361e+04, 7.097016447743742e-04, 1.277683381761714e-01, 6.979989911422356e-02, 7.347080485152533e-01, 6.701401254957746e-02, 3.366502361097081e+04, 4.262542851889314e+03, 4.261199412029000e+03, 2.604788921212893e+03, 2.579296328062936e+03, 2.612343256620967e+00, 1.110961079180848e+00
195, 3.081452512492900e-01, 1.665998824537504e-01, 1.873398735852971e-05, 3.213109808531024e-03, 1.720845190555216e-03, 1.802855331129247e-02, 1.563769910136461e-03, 6.357849090466669e+01, 6.300474833364883e+01, 3.068064887706088e+05, 1.805480824717319e+04, 7.632502766700642e-04, 1.309068327739639e-01, 7.010977122281459e-02, 7.345098531060889e-01, 6.371029262046263e-02, 3.383245944784116e+04, 4.274488168724816e+03, 4.274555312911086e+03, 2.590281494513642e+03, 2.566906375929109e+03, 2.591008448286841e+00, 1.116579191201275e+00
196, 3.125659906312512e-01, 1.710171028834206e-01, 1.990743207957420e-05, 3.286238424639965e-03, 1.725500623335956e-03, 1.802991548635653e-02, 1.489581430167009e-03, 6.329866307757034e+01, 6.274361702380371e+01, 3.067410825319994e+05, 1.804180397340532e+04, 8.108555987803042e-04, 1.338527648817314e-01, 7.028188445090454e-02, 7.343819061750428e-01, 6.067258889354084e-02, 3.398295513982811e+04, 4.282077744071231e+03, 4.283122296423230e+03, 2.578236868853546e+03, 2.555629121230519e+03, 2.573154870318168e+00, 1.121628896640554e+00
197, 3.169867300132315e-01, 1.754343233131097e-01, 2.121259661657955e-05, 3.359993500341120e-03, 1.726930121034029e-03, 1.803664939811817e-02, 1.417694185154195e-03, 6.301423504628041e+01, 6.248515657722440e+01, 3.067209582149045e+05, 1.804283682965557e+04, 8.636178752394479e-04, 1.367937410036343e-01, 7.030764544161187e-02, 7.343171187947369e-01, 5.771787688477751e-02, 3.416040759087544e+04, 4.292096615253274e+03, 4.293356778335847e+03, 2.565467149739393e+03, 2.543927041682845e+03, 2.554084348391723e+00, 1.127583104335382e+00
198, 3.214074693951982e-01, 1.798515437427853e-01, 2.248651300810823e-05, 3.433871949993926e-03, 1.729525356192212e-03, 1.808441148452772e-02, 1.357610859283450e-03, 6.290327766266324e+01, 6.238316343003364e+01, 3.073869539986961e+05, 1.808400917628177e+04, 9.130501334249090e-04, 1.394301215566627e-01, 7.022624435650167e-02, 7.343056841629946e-01, 5.512489979041631e-02, 3.440240756852700e+04, 4.301730551643109e+03, 4.302516428281199e+03, 2.554146391752654e+03, 2.533027493979246e+03, 2.536737263477505e+00, 1.135703128153462e+00
199, 3.258282087771701e-01, 1.842687641724662e-01, 2.365824905886626e-05, 3.507826548098378e-03, 1.734435428925616e-03, 1.818027966796715e-02, 1.311044702951668e-03, 6.295277975224748e+01, 6.253514038237850e+01, 3.088794000930407e+05, 1.816606765750005e+04, 9.556091335677753e-04, 1.416888916839804e-01, 7.005769249198564e-02, 7.343418043447753e-01, 5.295600234569104e-02, 3.470493748591049e+04, 4.308932771397916e+03, 4.309254725097950e+03, 2.542802350463170e+03, 2.525932970341622e+03, 2.522539216531957e+00, 1.145854162705923e+00
200, 3.302489481591422e-01, 1.886859846021472e-01, 2.437682709098462e-05, 3.565527707991479e-03, 1.732705580573941e-03, 1.822934623486262e-02, 1.269061241559782e-03, 6.295531951087812e+01, 6.257264895662319e+01, 3.096389716466839e+05, 1.815429009029620e+04, 9.821042590439186e-04, 1.436495379274601e-01, 6.980799937577513e-02, 7.344318647387044e-01, 5.112849369901663e-02, 3.483041605095695e+04, 4.306553059260475e+03, 4.307426980881231e+03, 2.536371414964437e+03, 2.520954216502073e+03, 2.515078362453739e+00, 1.150064447957696e+00
201, 3.409196875411215e-01, 1.931032050318336e-01, 2.100914156850056e-06, 4.256949571685743e-04, 2.021957724107433e-04, 2.144083273894969e-03, 1.433315678126236e-04, 9.474684118074530e+00, 6.993722326263899e+00, 3.790988626185770e+04, 1.910065805090901e+03, 7.201307624880017e-04, 1.459155449515026e-01, 6.930668503672287e-02, 7.349278493047695e-01, 4.912978994451704e-02, 2.578269470591120e+03, 2.707955306378364e+03, 4.005076541415623e+03, 3.247639355485067e+03, 2.397239589737904e+03, 3.576671393529426e+00, 6.788170993339326e-02
202, 3.471696875411233e-01, 1.931032050318336e-01, 6.003755575712752e-07, 1.271205106230814e-04, 6.017694508372175e-05, 6.390335860186806e-04, 4.250121783623015e-05, 3.253346216026090e+00, 1.545402393799167e+00, 1.141141865839816e+04, 5.608212817041277e+02, 6.905371771430047e-04, 1.462108799327973e-01, 6.921403988414300e-02, 7.350006891919877e-01, 4.888385381392892e-02, 6.546832390302743e+02, 2.306826824582844e+03, 3.966565709637116e+03, 3.741918677321945e+03, 1.777483765130509e+03, 3.976490246570370e+00, 3.338042748039850e-03
203, 3.534196875411142e-01, 1.931032050318336e-01, 2.956173021595406e-07, 6.558004804335328e-05, 3.090913411103129e-05, 3.288762436556614e-04, 2.173491110971786e-05, 1.795804635325140e+00, 5.308895190316942e-01, 5.895946438895983e+03, 2.844680566941894e+02, 6.607509508521494e-04, 1.465816742965525e-01, 6.908675373425331e-02, 7.350898919674356e-01, 4.858092905090646e-02, 3.130741960360270e+02, 2.143179382050605e+03, 3.930085417101277e+03, 4.013904503111264e+03, 1.186621188729738e+03, 4.167642909484609e+00, -8.124245771584727e-03
204, 3.596696875410871e-01, 1.931032050318336e-01, 2.560052544862989e-07, 6.517990050620474e-05, 3.038806010559498e-05, 3.249576008537661e-04, 2.114369787397130e-05, 1.819339771904740e+00, 3.290634852612923e-01, 5.820677339056756e+03, 2.700820207690580e+02, 5.792953582807249e-04, 1.474907766725728e-01, 6.876289395563548e-02, 7.353225237128949e-01, 4.784451030061621e-02, 3.124203366566961e+02, 2.163773606722703e+03, 3.831576574739001e+03, 4.116849426058691e+03, 7.446134259003904e+02, 4.144130032663674e+00, -8.146185251849831e-03
205, 3.659196875410600e-01, 1.931032050318336e-01, 2.717680695848941e-07, 7.620995850410507e-05, 3.530036077147535e-05, 3.786709565935684e-04, 2.441773675134839e-05, 2.135589349449533e+00, 2.937632011351015e-01, 6.781807414392421e+03, 3.061045181287671e+02, 5.278374298511229e-04, 1.480176412457525e-01, 6.856159272460989e-02, 7.354679480665715e-01, 4.742498053321506e-02, 3.636378482675381e+02, 2.160879484132903e+03, 3.764560699949649e+03, 4.147816169694461e+03, 5.705571420102152e+02, 4.149146891083627e+00, -6.427642059330835e-03
206, 3.721696875410329e-01, 1.931032050318336e-01, 2.481804057123462e-07, 7.375958465873707e-05, 3.404857002871363e-05, 3.658747724433847e-04, 2.348641588761619e-05, 2.077002697949189e+00, 2.010577388237201e-01, 6.556030210113827e+03, 2.907372057397139e+02, 4.989378017965700e-04, 1.482850546779790e-01, 6.845068463677609e-02, 7.355486190449134e-01, 4.721670383853480e-02, 3.471964238611059e+02, 2.135172431998435e+03, 3.723793574257449e+03, 4.175572029813799e+03, 4.042031680743015e+02, 4.181757976236820e+00, -6.979314663101156e-03
207, 3.784196875410311e-01, 1.931032050318336e-01, 2.383399089131853e-07, 7.428787223290564e-05, 3.422638491231827e-05, 3.681388323862455e-04, 2.356935252514595e-05, 2.084785611065022e+00, 2.038185510782825e-01, 6.588914215209478e+03, 2.881974127687228e+02, 4.762409313615347e-04, 1.484389484849235e-01, 6.838974430303266e-02, 7.355997625636181e-01, 4.709530371706408e-02, 3.565471660904030e+02, 2.179122065514874e+03, 3.688404430995646e+03, 4.165732233557155e+03, 4.072617843855774e+02, 4.129741843624101e+00, -6.665561536528782e-03
208, 3.846696875410293e-01, 1.931032050318336e-01, 2.466616248129178e-07, 8.144161438114269e-05, 3.740537643070363e-05, 4.030045302452934e-04, 2.570368937600387e-05, 2.271629856516545e+00, 1.998474008071819e-01, 7.195021897662776e+03, 3.103035177995819e+02, 4.502752498567976e-04, 1.486698358207259e-01, 6.828267360639141e-02, 7.356757083200626e-01, 4.692150700296341e-02, 4.074454366195391e+02, 2.274631848041271e+03, 3.649900940407876e+03, 4.146809224989671e+03, 3.648169365621270e+02, 4.019725200159268e+00, -4.957730101970749e-03
209, 3.909196875410275e-01, 1.931032050318336e-01, 2.530492125386742e-07, 8.826658584633214e-05, 4.042396113911931e-05, 4.362048343333062e-04, 2.772603551270354e-05, 2.452082361504777e+00, 1.903336770872086e-01, 7.774822317995419e+03, 3.305095191311550e+02, 4.268175255162605e-04, 1.488790475921449e-01, 6.818300239652972e-02, 7.357456920752825e-01, 4.676544041052676e-02, 4.531684781965170e+02, 2.337217708443733e+03, 3.613026922909888e+03, 4.135921686535910e+03, 3.210353759324880e+02, 3.951407535030423e+00, -3.423547370868585e-03
210, 3.971696875410292e-01, 1.931032050318336e-01, 2.536082899714096e-07, 9.311709912626602e-05, 4.253703562700122e-05, 4.596461207677614e-04, 2.912817814064152e-05, 2.582309882595962e+00, 1.684109877899268e-01, 8.186054094043610e+03, 3.429478114476843e+02, 4.059797992256710e-04, 1.490631919485761e-01, 6.809389860817247e-02, 7.358081230120330e-01, 4.662880663199282e-02, 4.833664765886855e+02, 2.365725788429063e+03, 3.578115655325919e+03, 4.133798811517406e+03, 2.695947321677034e+02, 3.921743626183705e+00, -2.410289152490495e-03
211, 4.034196875410310e-01, 1.931032050318336e-01, 2.574206253140797e-07, 9.967260989703713e-05, 4.541340900761966e-05, 4.914344552618148e-04, 3.104844896466296e-05, 2.755726663272948e+00, 1.605601209536026e-01, 8.742253085949116e+03, 3.608749582183744e+02, 3.854604235378278e-04, 1.492492933662812e-01, 6.800182327665349e-02, 7.358716226999236e-01, 4.649180023360400e-02, 5.259298509000691e+02, 2.407437694926643e+03, 3.542497570655652e+03, 4.126412036656555e+03, 2.404219636656887e+02, 3.878704063126228e+00, -9.821253297486259e-04
212, 4.096696875410328e-01, 1.931032050318336e-01, 2.541470811728668e-07, 1.034040093193057e-04, 4.700080894135625e-05, 5.092933268909265e-04, 3.208835956010275e-05, 2.855357929144480e+00, 1.431886840463603e-01, 9.055923580835817e+03, 3.684367580519153e+02, 3.672429943449855e-04, 1.494189814592795e-01, 6.791625436972762e-02, 7.359297832742983e-01, 4.636773790234967e-02, 5.483087476985827e+02, 2.421770556270926e+03, 3.509445796346027e+03, 4.125997398775819e+03, 2.069079087701026e+02, 3.864841680272255e+00, -2.312278429400440e-04
213, 4.159196875410346e-01, 1.931032050318336e-01, 2.469730784005306e-07, 1.049483343904570e-04, 4.762395185809218e-05, 5.165201990272889e-04, 3.248059211619652e-05, 2.897945737286961e+00, 1.187739129694817e-01, 9.183863880635030e+03, 3.685559826970092e+02, 3.519037084149744e-04, 1.495373840062126e-01, 6.785778181482489e-02, 7.359724172614641e-01, 4.628051320908336e-02, 5.560882451243283e+02, 2.421712452815188e+03, 3.479254422314477e+03, 4.129186299742287e+03, 1.692369901513454e+02, 3.866072266767125e+00, 2.980401748724100e-05
214, 4.221696875410363e-01, 1.931032050318336e-01, 2.429850656640420e-07, 1.080535815980142e-04, 4.893910791141715e-05, 5.313589910885600e-04, 3.334089578364677e-05, 2.980641805599418e+00, 1.003318250683458e-01, 9.444251391363081e+03, 3.738431634312493e+02, 3.365744515714354e-04, 1.496720585164049e-01, 6.778874808896565e-02, 7.360199711222379e-01, 4.618264782082008e-02, 5.748664746291767e+02, 2.433507958318598e+03, 3.448793905108256e+03, 4.128681235239291e+03, 1.389761502636126e+02, 3.854944767138852e+00, 6.598853601404665e-04
215, 4.284196875410382e-01, 1.931032050318336e-01, 2.401612915468028e-07, 1.120050828690143e-04, 5.062363499722474e-05, 5.502990591757398e-04, 3.444935915188317e-05, 3.084973128286143e+00, 8.505240280038952e-02, 9.775930849601364e+03, 3.815636037782196e+02, 3.212356005600446e-04, 1.498160666503310e-01, 6.771330086595910e-02, 7.360705283661256e-01, 4.607886851702427e-02, 5.996015693092353e+02, 2.450778292677890e+03, 3.417641620680821e+03, 4.126406837645904e+03, 1.137646267501582e+02, 3.838267976118563e+00, 1.489842287796616e-03
216, 4.346696875410363e-01, 1.931032050318336e-01, 2.373774532402456e-07, 1.160927664127071e-04, 5.236121384444316e-05, 5.698735174149578e-04, 3.559248442593533e-05, 3.192511613726312e+00, 7.310455755738855e-02, 1.011859552293282e+04, 3.894947886431228e+02, 3.066268767086759e-04, 1.499601663413711e-01, 6.763639613888410e-02, 7.361210358385888e-01, 4.597577480444726e-02, 6.252634118175948e+02, 2.467802733583104e+03, 3.387309081765545e+03, 4.123853599450055e+03, 9.443113425901078e+01, 3.821949175687019e+00, 2.350895145758977e-03
217, 4.409196875410418e-01, 1.931032050318336e-01, 2.340203694502238e-07, 1.198791979509417e-04, 5.396242089564065e-05, 5.879700421082741e-04, 3.664371363204425e-05, 3.291950310759230e+00, 6.318272391399006e-02, 1.043533707296677e+04, 3.962781928858057e+02, 2.930054798874765e-04, 1.500948913406984e-01, 6.756371279800172e-02, 7.361685854616953e-01, 4.587980491971708e-02, 6.489807162045601e+02, 2.482501161351064e+03, 3.358121107999078e+03, 4.121690273525090e+03, 7.910800407891112e+01, 3.808098803266209e+00, 3.146701320584774e-03
218, 4.471696875410653e-01, 1.931032050318336e-01, 2.296251216610270e-07, 1.227143185579871e-04, 5.514528172284002e-05, 6.014478811047663e-04, 3.741478502341668e-05, 3.366555325177908e+00, 5.286141060258493e-02, 1.067153465895201e+04, 4.001915039146950e+02, 2.810754513717973e-04, 1.502099693141846e-01, 6.750125961458733e-02, 7.362096683292714e-01, 4.579802729058496e-02, 6.662324897973070e+02, 2.491322418310549e+03, 3.331622442575369e+03, 4.120873407698716e+03, 6.470565910991631e+01, 3.800176605650430e+00, 3.725564235518311e-03
219, 4.534196875410852e-01, 1.931032050318336e-01, 2.277335342455860e-07, 1.279043993483848e-04, 5.735859510321871e-05, 6.263466179940885e-04, 3.887757824530513e-05, 3.501116254259606e+00, 4.984965432033607e-02, 1.110518364266308e+04, 4.106691823302855e+02, 2.676966487369267e-04, 1.503493070429780e-01, 6.742399065757067e-02, 7.362591159012646e-01, 4.569988974944980e-02, 7.011513702348159e+02, 2.517593345587657e+03, 3.301620471523584e+03, 4.115498805252675e+03, 5.859736663928261e+01, 3.775053932874167e+00, 4.897226082783113e-03
220, 4.596696875411051e-01, 1.931032050318336e-01, 2.201468272951740e-07, 1.292149037069201e-04, 5.786692227884365e-05, 6.324018785550086e-04, 3.919461254613742e-05, 3.536109772914264e+00, 3.932587918772398e-02, 1.121199040813674e+04, 4.090180827195661e+02, 2.563129829012762e-04, 1.504425833038017e-01, 6.737341456536119e-02, 7.362941082383622e-01, 4.563358090957368e-02, 7.079168584126543e+02, 2.517506532219574e+03, 3.274004000158304e+03, 4.117028870676249e+03, 4.578641229430843e+01, 3.776224281157987e+00, 5.124234058891634e-03
221, 4.659196875411250e-01, 1.931032050318336e-01, 2.150765984181399e-07, 1.315311802532928e-04, 5.882669931751769e-05, 6.433878589925094e-04, 3.981906725894096e-05, 3.596368252637100e+00, 2.759148173246091e-02, 1.140346177691010e+04, 4.109503064091573e+02, 2.461450563754130e-04, 1.505312526638917e-01, 6.732439199051704e-02, 7.363271596618792e-01, 4.557105062733657e-02, 7.229717975144932e+02, 2.527102943992106e+03, 3.248986138952962e+03, 4.115874403830274e+03, 3.157715379761634e+01, 3.767725829020634e+00, 5.629384783585892e-03
222, 4.721696875411232e-01, 1.931032050318336e-01, 2.097997443278473e-07, 1.331974347826420e-04, 5.951504466194003e-05, 6.512799919573882e-04, 4.026533566806199e-05, 3.639627627047617e+00, 1.856035306148681e-02, 1.154063145999425e+04, 4.112144920639893e+02, 2.372045541424582e-04, 1.505961707997279e-01, 6.728911743449704e-02, 7.363525661534880e-01, 4.552494105814464e-02, 7.341277769103327e+02, 2.534979721266091e+03, 3.226066267420513e+03, 4.115049097339677e+03, 2.098477425118682e+01, 3.760950426025603e+00, 6.003710514056244e-03
223, 4.784196875411215e-01, 1.931032050318336e-01, 2.053922288486617e-07, 1.348593612010155e-04, 6.020562909937201e-05, 6.591717350947135e-04, 4.071519888183803e-05, 3.682667865690303e+00, 1.142273075939322e-02, 1.167771099563506e+04, 4.119488341098951e+02, 2.294481931403995e-04, 1.506543695888382e-01, 6.725703738241494e-02, 7.363752973251284e-01, 4.548384751047810e-02, 7.454014559760258e+02, 2.543071856337555e+03, 3.205893751943755e+03, 4.113989572319485e+03, 1.276058470256537e+01, 3.753873320462175e+00, 6.381985518125153e-03
